1.000000e-03  7.613777e-17
1.078972e-03  9.685005e-17
1.164181e-03  1.221476e-16
1.256119e-03  1.498425e-16
1.355318e-03  1.819207e-16
1.462351e-03  2.203335e-16
1.577836e-03  2.660776e-16
1.702441e-03  3.201921e-16
1.836887e-03  3.839143e-16
1.981950e-03  4.586863e-16
2.138469e-03  5.454656e-16
2.307349e-03  6.459918e-16
2.489566e-03  7.608997e-16
2.686173e-03  8.916609e-16
2.898306e-03  1.038840e-15
3.127192e-03  1.203028e-15
3.374153e-03  1.383801e-15
3.640618e-03  1.580552e-15
3.928126e-03  1.791590e-15
4.238339e-03  2.014347e-15
4.573051e-03  2.245457e-15
4.934195e-03  2.479717e-15
5.323860e-03  2.713264e-15
5.744297e-03  2.937209e-15
6.197938e-03  3.146722e-15
6.687403e-03  3.332122e-15
7.215523e-03  3.486737e-15
7.785349e-03  3.603189e-15
8.400176e-03  3.673967e-15
9.063558e-03  3.694993e-15
9.779328e-03  3.661205e-15
1.000000e-02  3.635040e-15
1.025660e-02  3.605559e-15
1.051979e-02  3.576316e-15
1.055162e-02  3.572845e-15
1.078972e-02  3.530377e-15
1.106659e-02  3.482769e-15
1.135056e-02  3.435804e-15
1.138491e-02  3.430245e-15
1.164181e-02  3.372731e-15
1.194054e-02  3.308596e-15
1.224694e-02  3.245680e-15
1.228400e-02  3.238258e-15
1.256119e-02  3.167304e-15
1.288351e-02  3.088624e-15
1.321411e-02  3.011897e-15
1.325410e-02  3.002875e-15
1.355318e-02  2.921341e-15
1.390095e-02  2.831447e-15
1.425765e-02  2.744319e-15
1.430081e-02  2.734105e-15
1.462351e-02  2.645270e-15
1.499875e-02  2.547900e-15
1.538361e-02  2.454117e-15
1.543017e-02  2.443164e-15
1.577836e-02  2.350586e-15
1.618323e-02  2.249720e-15
1.659849e-02  2.153185e-15
1.664873e-02  2.141950e-15
1.702441e-02  2.049875e-15
1.746126e-02  1.950123e-15
1.790931e-02  1.855232e-15
1.796352e-02  1.844226e-15
1.836887e-02  1.756506e-15
1.884021e-02  1.661960e-15
1.932365e-02  1.572511e-15
1.938214e-02  1.562167e-15
1.981950e-02  1.481688e-15
2.032807e-02  1.395336e-15
2.084969e-02  1.314027e-15
2.091279e-02  1.304652e-15
2.138469e-02  1.235012e-15
2.193342e-02  1.160449e-15
2.249624e-02  1.090404e-15
2.256432e-02  1.082338e-15
2.307349e-02  1.024792e-15
2.366556e-02  9.631652e-16
2.427282e-02  9.052711e-16
2.434628e-02  8.986041e-16
2.489566e-02  8.542847e-16
2.553448e-02  8.066316e-16
2.618970e-02  7.616641e-16
2.626896e-02  7.564728e-16
2.686173e-02  7.253045e-16
2.755100e-02  6.914897e-16
2.825796e-02  6.592908e-16
2.834348e-02  6.555541e-16
2.898306e-02  6.361876e-16
2.972676e-02  6.149234e-16
3.048955e-02  5.944044e-16
3.058183e-02  5.920051e-16
3.127192e-02  5.833265e-16
3.207436e-02  5.736436e-16
3.289738e-02  5.641686e-16
3.299695e-02  5.630508e-16
3.374153e-02  5.626632e-16
3.460734e-02  5.622520e-16
3.549537e-02  5.618732e-16
3.560280e-02  5.618296e-16
3.640618e-02  5.684642e-16
3.734036e-02  5.760984e-16
3.829852e-02  5.838795e-16
3.841443e-02  5.848160e-16
3.928126e-02  5.965942e-16
4.028922e-02  6.102814e-16
4.132304e-02  6.243063e-16
4.144811e-02  6.260012e-16
4.238339e-02  6.418656e-16
4.347095e-02  6.603693e-16
4.458642e-02  6.794553e-16
4.472136e-02  6.817692e-16
4.573051e-02  7.006195e-16
4.690395e-02  7.226796e-16
4.810751e-02  7.454672e-16
4.825311e-02  7.482330e-16
4.934195e-02  7.692346e-16
5.060807e-02  7.936934e-16
5.190667e-02  8.189059e-16
5.206377e-02  8.219682e-16
5.323860e-02  8.440980e-16
5.460470e-02  8.699636e-16
5.600586e-02  8.966587e-16
5.617536e-02  8.998983e-16
5.744297e-02  9.224976e-16
5.891696e-02  9.488843e-16
6.042877e-02  9.760543e-16
6.061166e-02  9.793489e-16
6.197938e-02  1.001587e-15
6.356977e-02  1.027517e-15
6.520097e-02  1.054152e-15
6.539831e-02  1.057379e-15
6.687403e-02  1.078482e-15
6.859002e-02  1.103027e-15
7.035004e-02  1.128197e-15
7.056296e-02  1.131242e-15
7.215523e-02  1.150312e-15
7.400673e-02  1.172456e-15
7.590575e-02  1.195111e-15
7.613548e-02  1.197854e-15
7.785349e-02  1.214234e-15
7.985122e-02  1.233206e-15
8.190020e-02  1.252574e-15
8.214808e-02  1.254919e-15
8.400176e-02  1.267669e-15
8.615725e-02  1.282492e-15
8.836805e-02  1.297640e-15
8.863550e-02  1.299476e-15
9.063558e-02  1.308303e-15
9.296129e-02  1.318630e-15
9.534668e-02  1.329251e-15
9.563525e-02  1.330547e-15
9.779328e-02  1.334747e-15
1.003027e-01  1.339864e-15
1.028764e-01  1.345352e-15
1.031878e-01  1.346036e-15
1.055162e-01  1.345614e-15
1.082238e-01  1.345520e-15
1.110008e-01  1.345898e-15
1.113368e-01  1.345990e-15
1.138491e-01  1.340943e-15
1.167705e-01  1.335741e-15
1.197668e-01  1.331203e-15
1.201293e-01  1.330717e-15
1.228400e-01  1.321329e-15
1.259921e-01  1.311497e-15
1.292251e-01  1.302622e-15
1.296162e-01  1.301627e-15
1.325410e-01  1.288558e-15
1.359420e-01  1.275021e-15
1.394303e-01  1.262675e-15
1.398523e-01  1.261282e-15
1.430081e-01  1.245504e-15
1.466776e-01  1.229259e-15
1.504414e-01  1.214840e-15
1.508967e-01  1.213218e-15
1.543017e-01  1.196020e-15
1.582611e-01  1.178667e-15
1.623221e-01  1.163473e-15
1.628134e-01  1.161795e-15
1.664873e-01  1.144819e-15
1.707594e-01  1.128063e-15
1.751411e-01  1.113980e-15
1.756711e-01  1.112470e-15
1.796352e-01  1.097121e-15
1.842446e-01  1.082749e-15
1.889724e-01  1.071478e-15
1.895443e-01  1.070309e-15
1.938214e-01  1.058357e-15
1.987949e-01  1.048337e-15
2.038959e-01  1.041679e-15
2.045130e-01  1.041088e-15
2.091279e-01  1.034013e-15
2.144941e-01  1.029974e-15
2.199981e-01  1.029933e-15
2.206639e-01  1.030102e-15
2.256432e-01  1.029357e-15
2.314332e-01  1.032515e-15
2.373718e-01  1.039883e-15
2.380902e-01  1.040956e-15
2.434628e-01  1.047710e-15
2.497101e-01  1.059523e-15
2.561176e-01  1.075501e-15
2.568928e-01  1.077626e-15
2.626896e-01  1.092589e-15
2.694302e-01  1.113406e-15
2.763438e-01  1.138005e-15
2.771802e-01  1.141113e-15
2.834348e-01  1.164141e-15
2.907078e-01  1.194716e-15
2.981673e-01  1.228629e-15
2.990698e-01  1.232838e-15
3.058183e-01  1.264161e-15
3.136656e-01  1.303564e-15
3.217143e-01  1.346433e-15
3.226880e-01  1.351665e-15
3.299695e-01  1.391160e-15
3.384365e-01  1.439118e-15
3.471208e-01  1.490099e-15
3.481714e-01  1.496357e-15
3.560280e-01  1.543380e-15
3.651636e-01  1.599075e-15
3.745338e-01  1.656706e-15
3.756673e-01  1.663757e-15
3.841443e-01  1.716965e-15
3.940015e-01  1.779239e-15
4.041116e-01  1.843458e-15
4.053346e-01  1.851184e-15
4.144811e-01  1.909324e-15
4.251167e-01  1.977487e-15
4.360252e-01  2.046391e-15
4.373448e-01  2.054610e-15
4.472136e-01  2.116410e-15
4.586891e-01  2.187485e-15
4.704591e-01  2.260114e-15
4.718830e-01  2.268701e-15
4.825311e-01  2.333161e-15
4.949129e-01  2.406810e-15
5.076123e-01  2.481121e-15
5.091486e-01  2.489886e-15
5.206377e-01  2.555571e-15
5.339973e-01  2.629147e-15
5.476997e-01  2.703545e-15
5.493573e-01  2.712292e-15
5.617536e-01  2.777730e-15
5.761683e-01  2.850390e-15
5.909528e-01  2.923317e-15
5.927413e-01  2.931746e-15
6.061166e-01  2.994648e-15
6.216696e-01  3.065497e-15
6.376217e-01  3.135385e-15
6.395515e-01  3.143325e-15
6.539831e-01  3.202578e-15
6.707643e-01  3.268794e-15
6.879761e-01  3.333321e-15
6.900583e-01  3.340617e-15
7.056296e-01  3.394990e-15
7.237361e-01  3.454867e-15
7.423072e-01  3.512840e-15
7.445538e-01  3.519322e-15
7.613548e-01  3.567561e-15
7.808912e-01  3.619042e-15
8.009289e-01  3.667491e-15
8.033530e-01  3.672890e-15
8.214808e-01  3.713006e-15
8.425600e-01  3.755165e-15
8.641801e-01  3.793955e-15
8.667956e-01  3.798164e-15
8.863550e-01  3.829390e-15
9.090989e-01  3.860699e-15
9.324264e-01  3.889602e-15
9.352484e-01  3.892498e-15
9.563525e-01  3.913947e-15
9.808925e-01  3.934284e-15
1.006062e+00  3.951461e-15
1.009107e+00  3.952900e-15
1.031878e+00  3.963542e-15
1.058356e+00  3.971340e-15
1.085513e+00  3.975822e-15
1.088799e+00  3.975894e-15
1.113368e+00  3.976422e-15
1.141937e+00  3.972661e-15
1.171239e+00  3.965268e-15
1.174784e+00  3.963931e-15
1.201293e+00  3.954076e-15
1.232118e+00  3.938947e-15
1.263734e+00  3.920317e-15
1.267559e+00  3.917629e-15
1.296162e+00  3.897839e-15
1.329421e+00  3.872208e-15
1.363534e+00  3.842989e-15
1.367661e+00  3.839062e-15
1.398523e+00  3.810186e-15
1.434409e+00  3.774770e-15
1.471216e+00  3.736136e-15
1.475668e+00  3.731211e-15
1.508967e+00  3.695041e-15
1.547687e+00  3.651640e-15
1.587401e+00  3.605491e-15
1.592205e+00  3.599686e-15
1.628134e+00  3.557108e-15
1.669912e+00  3.506886e-15
1.712762e+00  3.454829e-15
1.717946e+00  3.448368e-15
1.756711e+00  3.401037e-15
1.801789e+00  3.346017e-15
1.848023e+00  3.289725e-15
1.895443e+00  3.231914e-15
1.944080e+00  3.173266e-15
1.993965e+00  3.113881e-15
2.045130e+00  3.053799e-15
2.097608e+00  2.992636e-15
2.151433e+00  2.931961e-15
2.206639e+00  2.870831e-15
2.263261e+00  2.809722e-15
2.321337e+00  2.748468e-15
2.380902e+00  2.687253e-15
2.441996e+00  2.626323e-15
2.504658e+00  2.565418e-15
2.568928e+00  2.504851e-15
2.634847e+00  2.444560e-15
2.702457e+00  2.384543e-15
2.771802e+00  2.324948e-15
2.842926e+00  2.265457e-15
2.915876e+00  2.206432e-15
2.990698e+00  2.148160e-15
3.067439e+00  2.091866e-15
3.146150e+00  2.037671e-15
3.226880e+00  1.985242e-15
3.309682e+00  1.934794e-15
3.394608e+00  1.886250e-15
3.481714e+00  1.839443e-15
3.571055e+00  1.794410e-15
3.662688e+00  1.751123e-15
3.756673e+00  1.709265e-15
3.853069e+00  1.669000e-15
3.951939e+00  1.630082e-15
4.053346e+00  1.592591e-15
4.157355e+00  1.556387e-15
4.264033e+00  1.521686e-15
4.373448e+00  1.487895e-15
4.485671e+00  1.455219e-15
4.600774e+00  1.423589e-15
4.718830e+00  1.392977e-15
4.839915e+00  1.363338e-15
4.964107e+00  1.334579e-15
5.091486e+00  1.307392e-15
5.222134e+00  1.280337e-15
5.356134e+00  1.254161e-15
5.493573e+00  1.228810e-15
5.634538e+00  1.204374e-15
5.779121e+00  1.180289e-15
5.927413e+00  1.155703e-15
6.079511e+00  1.127875e-15
6.235511e+00  1.097978e-15
6.395515e+00  1.066158e-15
6.559624e+00  1.032529e-15
6.727944e+00  9.969002e-16
6.900583e+00  9.614946e-16
7.077652e+00  9.225129e-16
7.259265e+00  8.818309e-16
7.445538e+00  8.393459e-16
7.636591e+00  7.965480e-16
7.832546e+00  7.536109e-16
8.033530e+00  7.135988e-16
8.239670e+00  6.709533e-16
8.451100e+00  6.288516e-16
8.667956e+00  5.873381e-16
8.890376e+00  5.456313e-16
9.118503e+00  5.048061e-16
9.352484e+00  4.679441e-16
9.592470e+00  4.285888e-16
9.838613e+00  3.893568e-16
1.009107e+01  3.516142e-16
1.035001e+01  3.159106e-16
1.061559e+01  2.805456e-16
1.088799e+01  2.485638e-16
1.116737e+01  2.140048e-16
1.145393e+01  1.805079e-16
1.174784e+01  1.515353e-16
1.204929e+01  1.231493e-16
1.235847e+01  9.533370e-17
1.267559e+01  6.818578e-17
1.300085e+01  4.512269e-17
1.333445e+01  1.958242e-17
1.367661e+01  7.067019e-68
1.402755e+01  7.248359e-68
1.438750e+01  7.434352e-68
1.475668e+01  7.625118e-68
1.513534e+01  7.820778e-68
1.552372e+01  8.021460e-68
1.592205e+01  8.227291e-68
1.633061e+01  8.438403e-68
1.674966e+01  8.654933e-68
1.717946e+01  8.877019e-68
1.762028e+01  9.104804e-68
1.807242e+01  9.338433e-68
1.853616e+01  9.578058e-68
