1.000000e-03  6.251653e-17
1.078972e-03  8.055328e-17
1.164181e-03  1.023364e-16
1.256119e-03  1.266661e-16
1.355318e-03  1.535421e-16
1.462351e-03  1.872205e-16
1.577836e-03  2.258767e-16
1.702441e-03  2.737521e-16
1.836887e-03  3.281584e-16
1.981950e-03  3.946344e-16
2.138469e-03  4.697793e-16
2.307349e-03  5.585427e-16
2.489566e-03  6.609599e-16
2.686173e-03  7.760843e-16
2.898306e-03  9.112322e-16
3.127192e-03  1.057514e-15
3.374153e-03  1.226841e-15
3.640618e-03  1.405347e-15
3.928126e-03  1.607002e-15
4.238339e-03  1.813369e-15
4.573051e-03  2.039479e-15
4.934195e-03  2.262209e-15
5.323860e-03  2.494153e-15
5.744297e-03  2.715986e-15
6.197938e-03  2.925152e-15
6.687403e-03  3.122842e-15
7.215523e-03  3.285668e-15
7.785349e-03  3.420875e-15
8.400176e-03  3.508000e-15
9.063558e-03  3.550185e-15
9.779328e-03  3.537519e-15
1.000000e-02  3.517263e-15
1.025660e-02  3.494403e-15
1.051979e-02  3.471692e-15
1.055162e-02  3.468994e-15
1.078972e-02  3.433181e-15
1.106659e-02  3.392966e-15
1.135056e-02  3.353223e-15
1.138491e-02  3.348514e-15
1.164181e-02  3.295348e-15
1.194054e-02  3.236004e-15
1.224694e-02  3.177727e-15
1.228400e-02  3.170848e-15
1.256119e-02  3.106066e-15
1.288351e-02  3.034115e-15
1.321411e-02  2.963828e-15
1.325410e-02  2.955555e-15
1.355318e-02  2.876700e-15
1.390095e-02  2.789713e-15
1.425765e-02  2.705357e-15
1.430081e-02  2.695465e-15
1.462351e-02  2.610839e-15
1.499875e-02  2.517969e-15
1.538361e-02  2.428405e-15
1.543017e-02  2.417937e-15
1.577836e-02  2.328981e-15
1.618323e-02  2.231942e-15
1.659849e-02  2.138948e-15
1.664873e-02  2.128118e-15
1.702441e-02  2.035400e-15
1.746126e-02  1.935015e-15
1.790931e-02  1.839586e-15
1.796352e-02  1.828521e-15
1.836887e-02  1.742924e-15
1.884021e-02  1.650585e-15
1.932365e-02  1.563143e-15
1.938214e-02  1.553027e-15
1.981950e-02  1.470183e-15
2.032807e-02  1.381473e-15
2.084969e-02  1.298122e-15
2.091279e-02  1.288523e-15
2.138469e-02  1.219384e-15
2.193342e-02  1.145378e-15
2.249624e-02  1.075878e-15
2.256432e-02  1.067876e-15
2.307349e-02  1.007421e-15
2.366556e-02  9.429303e-16
2.427282e-02  8.825854e-16
2.434628e-02  8.756525e-16
2.489566e-02  8.306367e-16
2.553448e-02  7.823390e-16
2.618970e-02  7.368705e-16
2.626896e-02  7.316285e-16
2.686173e-02  6.977554e-16
2.755100e-02  6.612226e-16
2.825796e-02  6.266250e-16
2.834348e-02  6.226231e-16
2.898306e-02  6.018816e-16
2.972676e-02  5.791936e-16
3.048955e-02  5.573985e-16
3.058183e-02  5.548554e-16
3.127192e-02  5.440545e-16
3.207436e-02  5.320714e-16
3.289738e-02  5.203823e-16
3.299695e-02  5.190084e-16
3.374153e-02  5.169746e-16
3.460734e-02  5.146900e-16
3.549537e-02  5.124422e-16
3.560280e-02  5.121765e-16
3.640618e-02  5.173798e-16
3.734036e-02  5.233845e-16
3.829852e-02  5.294715e-16
3.841443e-02  5.302034e-16
3.928126e-02  5.400924e-16
4.028922e-02  5.515657e-16
4.132304e-02  5.633184e-16
4.144811e-02  5.647365e-16
4.238339e-02  5.790764e-16
4.347095e-02  5.958164e-16
4.458642e-02  6.130634e-16
4.472136e-02  6.151565e-16
4.573051e-02  6.328020e-16
4.690395e-02  6.534520e-16
4.810751e-02  6.747949e-16
4.825311e-02  6.773884e-16
4.934195e-02  6.969023e-16
5.060807e-02  7.196731e-16
5.190667e-02  7.431318e-16
5.206377e-02  7.459815e-16
5.323860e-02  7.676948e-16
5.460470e-02  7.931372e-16
5.600586e-02  8.194416e-16
5.617536e-02  8.226382e-16
5.744297e-02  8.443293e-16
5.891696e-02  8.696785e-16
6.042877e-02  8.958194e-16
6.061166e-02  8.989913e-16
6.197938e-02  9.214858e-16
6.356977e-02  9.477435e-16
6.520097e-02  9.747929e-16
6.539831e-02  9.780716e-16
6.687403e-02  9.990156e-16
6.859002e-02  1.023402e-15
7.035004e-02  1.048440e-15
7.056296e-02  1.051470e-15
7.215523e-02  1.071432e-15
7.400673e-02  1.094628e-15
7.590575e-02  1.118403e-15
7.613548e-02  1.121280e-15
7.785349e-02  1.138255e-15
7.985122e-02  1.157922e-15
8.190020e-02  1.178038e-15
8.214808e-02  1.180469e-15
8.400176e-02  1.194594e-15
8.615725e-02  1.210984e-15
8.836805e-02  1.227741e-15
8.863550e-02  1.229763e-15
9.063558e-02  1.239694e-15
9.296129e-02  1.251257e-15
9.534668e-02  1.263172e-15
9.563525e-02  1.264615e-15
9.779328e-02  1.269964e-15
1.003027e-01  1.276286e-15
1.028764e-01  1.282958e-15
1.031878e-01  1.283779e-15
1.055162e-01  1.284944e-15
1.082238e-01  1.286604e-15
1.110008e-01  1.288652e-15
1.113368e-01  1.288923e-15
1.138491e-01  1.284812e-15
1.167705e-01  1.280716e-15
1.197668e-01  1.277120e-15
1.201293e-01  1.276729e-15
1.228400e-01  1.268198e-15
1.259921e-01  1.259233e-15
1.292251e-01  1.251132e-15
1.296162e-01  1.250217e-15
1.325410e-01  1.238066e-15
1.359420e-01  1.225274e-15
1.394303e-01  1.213545e-15
1.398523e-01  1.212215e-15
1.430081e-01  1.195798e-15
1.466776e-01  1.178750e-15
1.504414e-01  1.163201e-15
1.508967e-01  1.161440e-15
1.543017e-01  1.144204e-15
1.582611e-01  1.126489e-15
1.623221e-01  1.110751e-15
1.628134e-01  1.109002e-15
1.664873e-01  1.090058e-15
1.707594e-01  1.070776e-15
1.751411e-01  1.054181e-15
1.756711e-01  1.052354e-15
1.796352e-01  1.035809e-15
1.842446e-01  1.019710e-15
1.889724e-01  1.006318e-15
1.895443e-01  1.004913e-15
1.938214e-01  9.897158e-16
1.987949e-01  9.757567e-16
2.038959e-01  9.651910e-16
2.045130e-01  9.641282e-16
2.091279e-01  9.546078e-16
2.144941e-01  9.471870e-16
2.199981e-01  9.436657e-16
2.206639e-01  9.434315e-16
2.256432e-01  9.384502e-16
2.314332e-01  9.365823e-16
2.373718e-01  9.386036e-16
2.380902e-01  9.391041e-16
2.434628e-01  9.424532e-16
2.497101e-01  9.499595e-16
2.561176e-01  9.608468e-16
2.568928e-01  9.624010e-16
2.626896e-01  9.726608e-16
2.694302e-01  9.880491e-16
2.763438e-01  1.007308e-15
2.771802e-01  1.009767e-15
2.834348e-01  1.027825e-15
2.907078e-01  1.052085e-15
2.981673e-01  1.080197e-15
2.990698e-01  1.083678e-15
3.058183e-01  1.109774e-15
3.136656e-01  1.143042e-15
3.217143e-01  1.179770e-15
3.226880e-01  1.184363e-15
3.299695e-01  1.218636e-15
3.384365e-01  1.259633e-15
3.471208e-01  1.303614e-15
3.481714e-01  1.309068e-15
3.560280e-01  1.350392e-15
3.651636e-01  1.399891e-15
3.745338e-01  1.451032e-15
3.756673e-01  1.457284e-15
3.841443e-01  1.504276e-15
3.940015e-01  1.560598e-15
4.041116e-01  1.617845e-15
4.053346e-01  1.624787e-15
4.144811e-01  1.677194e-15
4.251167e-01  1.738364e-15
4.360252e-01  1.801275e-15
4.373448e-01  1.808760e-15
4.472136e-01  1.865005e-15
4.586891e-01  1.929607e-15
4.704591e-01  1.996060e-15
4.718830e-01  2.003896e-15
4.825311e-01  2.062800e-15
4.949129e-01  2.130741e-15
5.076123e-01  2.198200e-15
5.091486e-01  2.206336e-15
5.206377e-01  2.267324e-15
5.339973e-01  2.336136e-15
5.476997e-01  2.404296e-15
5.493573e-01  2.412359e-15
5.617536e-01  2.472716e-15
5.761683e-01  2.541148e-15
5.909528e-01  2.609648e-15
5.927413e-01  2.617432e-15
6.061166e-01  2.675535e-15
6.216696e-01  2.741507e-15
6.376217e-01  2.806957e-15
6.395515e-01  2.814544e-15
6.539831e-01  2.871204e-15
6.707643e-01  2.933369e-15
6.879761e-01  2.993594e-15
6.900583e-01  3.000664e-15
7.056296e-01  3.053390e-15
7.237361e-01  3.109808e-15
7.423072e-01  3.164430e-15
7.445538e-01  3.170553e-15
7.613548e-01  3.216134e-15
7.808912e-01  3.267004e-15
8.009289e-01  3.314005e-15
8.033530e-01  3.319086e-15
8.214808e-01  3.356843e-15
8.425600e-01  3.397723e-15
8.641801e-01  3.435095e-15
8.667956e-01  3.439341e-15
8.863550e-01  3.470859e-15
9.090989e-01  3.501440e-15
9.324264e-01  3.530511e-15
9.352484e-01  3.533443e-15
9.563525e-01  3.555166e-15
9.808925e-01  3.576686e-15
1.006062e+00  3.593551e-15
1.009107e+00  3.595143e-15
1.031878e+00  3.606924e-15
1.058356e+00  3.617760e-15
1.085513e+00  3.624053e-15
1.088799e+00  3.624398e-15
1.113368e+00  3.626950e-15
1.141937e+00  3.625091e-15
1.171239e+00  3.621212e-15
1.174784e+00  3.620294e-15
1.201293e+00  3.613525e-15
1.232118e+00  3.602665e-15
1.263734e+00  3.588430e-15
1.267559e+00  3.586270e-15
1.296162e+00  3.570365e-15
1.329421e+00  3.549899e-15
1.363534e+00  3.525985e-15
1.367661e+00  3.522777e-15
1.398523e+00  3.499181e-15
1.434409e+00  3.469603e-15
1.471216e+00  3.437692e-15
1.475668e+00  3.433566e-15
1.508967e+00  3.403251e-15
1.547687e+00  3.366572e-15
1.587401e+00  3.327724e-15
1.592205e+00  3.322891e-15
1.628134e+00  3.287418e-15
1.669912e+00  3.244985e-15
1.712762e+00  3.200813e-15
1.717946e+00  3.195335e-15
1.756711e+00  3.155174e-15
1.801789e+00  3.108612e-15
1.848023e+00  3.060945e-15
1.895443e+00  3.011645e-15
1.944080e+00  2.961884e-15
1.993965e+00  2.911137e-15
2.045130e+00  2.859969e-15
2.097608e+00  2.806997e-15
2.151433e+00  2.754907e-15
2.206639e+00  2.702046e-15
2.263261e+00  2.649079e-15
2.321337e+00  2.595895e-15
2.380902e+00  2.542283e-15
2.441996e+00  2.488968e-15
2.504658e+00  2.435021e-15
2.568928e+00  2.381728e-15
2.634847e+00  2.327954e-15
2.702457e+00  2.274585e-15
2.771802e+00  2.220858e-15
2.842926e+00  2.167305e-15
2.915876e+00  2.113756e-15
2.990698e+00  2.060579e-15
3.067439e+00  2.009367e-15
3.146150e+00  1.959700e-15
3.226880e+00  1.912124e-15
3.309682e+00  1.866034e-15
3.394608e+00  1.821851e-15
3.481714e+00  1.778870e-15
3.571055e+00  1.737549e-15
3.662688e+00  1.697738e-15
3.756673e+00  1.659294e-15
3.853069e+00  1.622306e-15
3.951939e+00  1.586600e-15
4.053346e+00  1.552332e-15
4.157355e+00  1.519215e-15
4.264033e+00  1.487210e-15
4.373448e+00  1.456398e-15
4.485671e+00  1.426827e-15
4.600774e+00  1.398319e-15
4.718830e+00  1.370549e-15
4.839915e+00  1.344042e-15
4.964107e+00  1.318530e-15
5.091486e+00  1.294035e-15
5.222134e+00  1.269985e-15
5.356134e+00  1.247360e-15
5.493573e+00  1.225582e-15
5.634538e+00  1.204817e-15
5.779121e+00  1.183302e-15
5.927413e+00  1.160698e-15
6.079511e+00  1.135912e-15
6.235511e+00  1.109017e-15
6.395515e+00  1.078727e-15
6.559624e+00  1.047411e-15
6.727944e+00  1.013948e-15
6.900583e+00  9.784161e-16
7.077652e+00  9.391875e-16
7.259265e+00  8.995333e-16
7.445538e+00  8.582438e-16
7.636591e+00  8.160084e-16
7.832546e+00  7.722267e-16
8.033530e+00  7.300783e-16
8.239670e+00  6.885054e-16
8.451100e+00  6.467093e-16
8.667956e+00  6.036468e-16
8.890376e+00  5.627784e-16
9.118503e+00  5.219707e-16
9.352484e+00  4.825564e-16
9.592470e+00  4.404802e-16
9.838613e+00  4.014203e-16
1.009107e+01  3.645559e-16
1.035001e+01  3.280476e-16
1.061559e+01  2.887915e-16
1.088799e+01  2.532088e-16
1.116737e+01  2.208873e-16
1.145393e+01  1.890946e-16
1.174784e+01  1.546982e-16
1.204929e+01  1.238733e-16
1.235847e+01  9.367263e-17
1.267559e+01  6.816432e-17
1.300085e+01  4.116744e-17
1.333445e+01  1.780009e-17
1.367661e+01  6.227403e-68
1.402755e+01  6.387199e-68
1.438750e+01  6.551095e-68
1.475668e+01  6.719196e-68
1.513534e+01  6.891611e-68
1.552372e+01  7.068450e-68
1.592205e+01  7.249826e-68
1.633061e+01  7.435857e-68
1.674966e+01  7.626662e-68
1.717946e+01  7.822362e-68
1.762028e+01  8.023084e-68
1.807242e+01  8.228957e-68
1.853616e+01  8.440112e-68
