1.000000e-03  6.446608e-17
1.078972e-03  8.275022e-17
1.164181e-03  1.051695e-16
1.256119e-03  1.295600e-16
1.355318e-03  1.575547e-16
1.462351e-03  1.912267e-16
1.577836e-03  2.314374e-16
1.702441e-03  2.793406e-16
1.836887e-03  3.358438e-16
1.981950e-03  4.024085e-16
2.138469e-03  4.799640e-16
2.307349e-03  5.702428e-16
2.489566e-03  6.741767e-16
2.686173e-03  7.932420e-16
2.898306e-03  9.280678e-16
3.127192e-03  1.079281e-15
3.374153e-03  1.247087e-15
3.640618e-03  1.430945e-15
3.928126e-03  1.630681e-15
4.238339e-03  1.842796e-15
4.573051e-03  2.065995e-15
4.934195e-03  2.293686e-15
5.323860e-03  2.523848e-15
5.744297e-03  2.747521e-15
6.197938e-03  2.961197e-15
6.687403e-03  3.153346e-15
7.215523e-03  3.318284e-15
7.785349e-03  3.447689e-15
8.400176e-03  3.533899e-15
9.063558e-03  3.572744e-15
9.779328e-03  3.557110e-15
1.000000e-02  3.536425e-15
1.025660e-02  3.513085e-15
1.051979e-02  3.489898e-15
1.055162e-02  3.487143e-15
1.078972e-02  3.449711e-15
1.106659e-02  3.407696e-15
1.135056e-02  3.366193e-15
1.138491e-02  3.361277e-15
1.164181e-02  3.308674e-15
1.194054e-02  3.249943e-15
1.224694e-02  3.192254e-15
1.228400e-02  3.185443e-15
1.256119e-02  3.118749e-15
1.288351e-02  3.044714e-15
1.321411e-02  2.972436e-15
1.325410e-02  2.963931e-15
1.355318e-02  2.885854e-15
1.390095e-02  2.799695e-15
1.425765e-02  2.716107e-15
1.430081e-02  2.706304e-15
1.462351e-02  2.620033e-15
1.499875e-02  2.525408e-15
1.538361e-02  2.434204e-15
1.543017e-02  2.423548e-15
1.577836e-02  2.332682e-15
1.618323e-02  2.233637e-15
1.659849e-02  2.138800e-15
1.664873e-02  2.127759e-15
1.702441e-02  2.036652e-15
1.746126e-02  1.937928e-15
1.790931e-02  1.843995e-15
1.796352e-02  1.833098e-15
1.836887e-02  1.745633e-15
1.884021e-02  1.651377e-15
1.932365e-02  1.562215e-15
1.938214e-02  1.551906e-15
1.981950e-02  1.471088e-15
2.032807e-02  1.384420e-15
2.084969e-02  1.302866e-15
2.091279e-02  1.293466e-15
2.138469e-02  1.222836e-15
2.193342e-02  1.147314e-15
2.249624e-02  1.076472e-15
2.256432e-02  1.068321e-15
2.307349e-02  1.009387e-15
2.366556e-02  9.464181e-16
2.427282e-02  8.873948e-16
2.434628e-02  8.806067e-16
2.489566e-02  8.349653e-16
2.553448e-02  7.860302e-16
2.618970e-02  7.399800e-16
2.626896e-02  7.346726e-16
2.686173e-02  7.016510e-16
2.755100e-02  6.659765e-16
2.825796e-02  6.321442e-16
2.834348e-02  6.282274e-16
2.898306e-02  6.074366e-16
2.972676e-02  5.846994e-16
3.048955e-02  5.628355e-16
3.058183e-02  5.602847e-16
3.127192e-02  5.497440e-16
3.207436e-02  5.380437e-16
3.289738e-02  5.266235e-16
3.299695e-02  5.252809e-16
3.374153e-02  5.235113e-16
3.460734e-02  5.215200e-16
3.549537e-02  5.195640e-16
3.560280e-02  5.193330e-16
3.640618e-02  5.243827e-16
3.734036e-02  5.301961e-16
3.829852e-02  5.361164e-16
3.841443e-02  5.368264e-16
3.928126e-02  5.472832e-16
4.028922e-02  5.594237e-16
4.132304e-02  5.718532e-16
4.144811e-02  5.733554e-16
4.238339e-02  5.879526e-16
4.347095e-02  6.050197e-16
4.458642e-02  6.225791e-16
4.472136e-02  6.247088e-16
4.573051e-02  6.424219e-16
4.690395e-02  6.631554e-16
4.810751e-02  6.845844e-16
4.825311e-02  6.871873e-16
4.934195e-02  7.072212e-16
5.060807e-02  7.306139e-16
5.190667e-02  7.547263e-16
5.206377e-02  7.576548e-16
5.323860e-02  7.790497e-16
5.460470e-02  8.040986e-16
5.600586e-02  8.299776e-16
5.617536e-02  8.331214e-16
5.744297e-02  8.553541e-16
5.891696e-02  8.813401e-16
6.042877e-02  9.081436e-16
6.061166e-02  9.113969e-16
6.197938e-02  9.334962e-16
6.356977e-02  9.592667e-16
6.520097e-02  9.858072e-16
6.539831e-02  9.890230e-16
6.687403e-02  1.010296e-15
6.859002e-02  1.035063e-15
7.035004e-02  1.060487e-15
7.056296e-02  1.063562e-15
7.215523e-02  1.083097e-15
7.400673e-02  1.105833e-15
7.590575e-02  1.129110e-15
7.613548e-02  1.131925e-15
7.785349e-02  1.149026e-15
7.985122e-02  1.168836e-15
8.190020e-02  1.189097e-15
8.214808e-02  1.191547e-15
8.400176e-02  1.205390e-15
8.615725e-02  1.221457e-15
8.836805e-02  1.237900e-15
8.863550e-02  1.239881e-15
9.063558e-02  1.249754e-15
9.296129e-02  1.261243e-15
9.534668e-02  1.273108e-15
9.563525e-02  1.274547e-15
9.779328e-02  1.280029e-15
1.003027e-01  1.286547e-15
1.028764e-01  1.293354e-15
1.031878e-01  1.294188e-15
1.055162e-01  1.294760e-15
1.082238e-01  1.295787e-15
1.110008e-01  1.297286e-15
1.113368e-01  1.297495e-15
1.138491e-01  1.293456e-15
1.167705e-01  1.289323e-15
1.197668e-01  1.285724e-15
1.201293e-01  1.285332e-15
1.228400e-01  1.276557e-15
1.259921e-01  1.267458e-15
1.292251e-01  1.259195e-15
1.296162e-01  1.258254e-15
1.325410e-01  1.245575e-15
1.359420e-01  1.232252e-15
1.394303e-01  1.220035e-15
1.398523e-01  1.218653e-15
1.430081e-01  1.202785e-15
1.466776e-01  1.186339e-15
1.504414e-01  1.171395e-15
1.508967e-01  1.169709e-15
1.543017e-01  1.151919e-15
1.582611e-01  1.133596e-15
1.623221e-01  1.117320e-15
1.628134e-01  1.115501e-15
1.664873e-01  1.097381e-15
1.707594e-01  1.079318e-15
1.751411e-01  1.063639e-15
1.756711e-01  1.061915e-15
1.796352e-01  1.044898e-15
1.842446e-01  1.028411e-15
1.889724e-01  1.014753e-15
1.895443e-01  1.013336e-15
1.938214e-01  9.993245e-16
1.987949e-01  9.864559e-16
2.038959e-01  9.769484e-16
2.045130e-01  9.760214e-16
2.091279e-01  9.663221e-16
2.144941e-01  9.587677e-16
2.199981e-01  9.550808e-16
2.206639e-01  9.548480e-16
2.256432e-01  9.509537e-16
2.314332e-01  9.505067e-16
2.373718e-01  9.535396e-16
2.380902e-01  9.541431e-16
2.434628e-01  9.574375e-16
2.497101e-01  9.650873e-16
2.561176e-01  9.764726e-16
2.568928e-01  9.780873e-16
2.626896e-01  9.890010e-16
2.694302e-01  1.004900e-15
2.763438e-01  1.024802e-15
2.771802e-01  1.027323e-15
2.834348e-01  1.046097e-15
2.907078e-01  1.071567e-15
2.981673e-01  1.100538e-15
2.990698e-01  1.104155e-15
3.058183e-01  1.130877e-15
3.136656e-01  1.164781e-15
3.217143e-01  1.201907e-15
3.226880e-01  1.206569e-15
3.299695e-01  1.241801e-15
3.384365e-01  1.284354e-15
3.471208e-01  1.329537e-15
3.481714e-01  1.335072e-15
3.560280e-01  1.376667e-15
3.651636e-01  1.426779e-15
3.745338e-01  1.478854e-15
3.756673e-01  1.485236e-15
3.841443e-01  1.533430e-15
3.940015e-01  1.590634e-15
4.041116e-01  1.648956e-15
4.053346e-01  1.656015e-15
4.144811e-01  1.709180e-15
4.251167e-01  1.771225e-15
4.360252e-01  1.834715e-15
4.373448e-01  1.842355e-15
4.472136e-01  1.899825e-15
4.586891e-01  1.965580e-15
4.704591e-01  2.032473e-15
4.718830e-01  2.040401e-15
4.825311e-01  2.099963e-15
4.949129e-01  2.168905e-15
5.076123e-01  2.237594e-15
5.091486e-01  2.245826e-15
5.206377e-01  2.307538e-15
5.339973e-01  2.376717e-15
5.476997e-01  2.446170e-15
5.493573e-01  2.454375e-15
5.617536e-01  2.515800e-15
5.761683e-01  2.584310e-15
5.909528e-01  2.652948e-15
5.927413e-01  2.660895e-15
6.061166e-01  2.720219e-15
6.216696e-01  2.787154e-15
6.376217e-01  2.852946e-15
6.395515e-01  2.860534e-15
6.539831e-01  2.917192e-15
6.707643e-01  2.980279e-15
6.879761e-01  3.041646e-15
6.900583e-01  3.048711e-15
7.056296e-01  3.101392e-15
7.237361e-01  3.158464e-15
7.423072e-01  3.213078e-15
7.445538e-01  3.219350e-15
7.613548e-01  3.266043e-15
7.808912e-01  3.316626e-15
8.009289e-01  3.364082e-15
8.033530e-01  3.369252e-15
8.214808e-01  3.407672e-15
8.425600e-01  3.448944e-15
8.641801e-01  3.485648e-15
8.667956e-01  3.489832e-15
8.863550e-01  3.520880e-15
9.090989e-01  3.552498e-15
9.324264e-01  3.582262e-15
9.352484e-01  3.585157e-15
9.563525e-01  3.606608e-15
9.808925e-01  3.626979e-15
1.006062e+00  3.643832e-15
1.009107e+00  3.645495e-15
1.031878e+00  3.657796e-15
1.058356e+00  3.668399e-15
1.085513e+00  3.674454e-15
1.088799e+00  3.674700e-15
1.113368e+00  3.676516e-15
1.141937e+00  3.674625e-15
1.171239e+00  3.670547e-15
1.174784e+00  3.669609e-15
1.201293e+00  3.662694e-15
1.232118e+00  3.650912e-15
1.263734e+00  3.636236e-15
1.267559e+00  3.634001e-15
1.296162e+00  3.617540e-15
1.329421e+00  3.596395e-15
1.363534e+00  3.571841e-15
1.367661e+00  3.568553e-15
1.398523e+00  3.544369e-15
1.434409e+00  3.514129e-15
1.471216e+00  3.480960e-15
1.475668e+00  3.476744e-15
1.508967e+00  3.445764e-15
1.547687e+00  3.408335e-15
1.587401e+00  3.368651e-15
1.592205e+00  3.363646e-15
1.628134e+00  3.326916e-15
1.669912e+00  3.283382e-15
1.712762e+00  3.238299e-15
1.717946e+00  3.232719e-15
1.756711e+00  3.191818e-15
1.801789e+00  3.143919e-15
1.848023e+00  3.094836e-15
1.895443e+00  3.044525e-15
1.944080e+00  2.993526e-15
1.993965e+00  2.941744e-15
2.045130e+00  2.889220e-15
2.097608e+00  2.835227e-15
2.151433e+00  2.781805e-15
2.206639e+00  2.727851e-15
2.263261e+00  2.673682e-15
2.321337e+00  2.619460e-15
2.380902e+00  2.564811e-15
2.441996e+00  2.510229e-15
2.504658e+00  2.455514e-15
2.568928e+00  2.400976e-15
2.634847e+00  2.346438e-15
2.702457e+00  2.291943e-15
2.771802e+00  2.237454e-15
2.842926e+00  2.183043e-15
2.915876e+00  2.128773e-15
2.990698e+00  2.074883e-15
3.067439e+00  2.022885e-15
3.146150e+00  1.972679e-15
3.226880e+00  1.924376e-15
3.309682e+00  1.877768e-15
3.394608e+00  1.832792e-15
3.481714e+00  1.789354e-15
3.571055e+00  1.747445e-15
3.662688e+00  1.707150e-15
3.756673e+00  1.668255e-15
3.853069e+00  1.630750e-15
3.951939e+00  1.594615e-15
4.053346e+00  1.559851e-15
4.157355e+00  1.526344e-15
4.264033e+00  1.494004e-15
4.373448e+00  1.462654e-15
4.485671e+00  1.432614e-15
4.600774e+00  1.403659e-15
4.718830e+00  1.375734e-15
4.839915e+00  1.348820e-15
4.964107e+00  1.322891e-15
5.091486e+00  1.297454e-15
5.222134e+00  1.273421e-15
5.356134e+00  1.250265e-15
5.493573e+00  1.228029e-15
5.634538e+00  1.206680e-15
5.779121e+00  1.184617e-15
5.927413e+00  1.161449e-15
6.079511e+00  1.136178e-15
6.235511e+00  1.108836e-15
6.395515e+00  1.079351e-15
6.559624e+00  1.046352e-15
6.727944e+00  1.012385e-15
6.900583e+00  9.763889e-16
7.077652e+00  9.386401e-16
7.259265e+00  8.988235e-16
7.445538e+00  8.553842e-16
7.636591e+00  8.131551e-16
7.832546e+00  7.708840e-16
8.033530e+00  7.288263e-16
8.239670e+00  6.869546e-16
8.451100e+00  6.451598e-16
8.667956e+00  6.019096e-16
8.890376e+00  5.604314e-16
9.118503e+00  5.200803e-16
9.352484e+00  4.802655e-16
9.592470e+00  4.404672e-16
9.838613e+00  3.992760e-16
1.009107e+01  3.620446e-16
1.035001e+01  3.251118e-16
1.061559e+01  2.884136e-16
1.088799e+01  2.539848e-16
1.116737e+01  2.185382e-16
1.145393e+01  1.863313e-16
1.174784e+01  1.545808e-16
1.204929e+01  1.234262e-16
1.235847e+01  9.426915e-17
1.267559e+01  6.625347e-17
1.300085e+01  4.182227e-17
1.333445e+01  1.807453e-17
1.367661e+01  6.338919e-68
1.402755e+01  6.501576e-68
1.438750e+01  6.668406e-68
1.475668e+01  6.839518e-68
1.513534e+01  7.015020e-68
1.552372e+01  7.195026e-68
1.592205e+01  7.379651e-68
1.633061e+01  7.569013e-68
1.674966e+01  7.763234e-68
1.717946e+01  7.962439e-68
1.762028e+01  8.166755e-68
1.807242e+01  8.376314e-68
1.853616e+01  8.591251e-68
