1.000000e-03  4.698094e-17
1.078972e-03  6.153896e-17
1.164181e-03  7.962791e-17
1.256119e-03  9.878694e-17
1.355318e-03  1.205622e-16
1.462351e-03  1.469203e-16
1.577836e-03  1.785701e-16
1.702441e-03  2.163573e-16
1.836887e-03  2.608549e-16
1.981950e-03  3.132989e-16
2.138469e-03  3.751411e-16
2.307349e-03  4.483599e-16
2.489566e-03  5.333608e-16
2.686173e-03  6.316398e-16
2.898306e-03  7.440747e-16
3.127192e-03  8.717402e-16
3.374153e-03  1.015160e-15
3.640618e-03  1.174429e-15
3.928126e-03  1.349208e-15
4.238339e-03  1.536553e-15
4.573051e-03  1.734572e-15
4.934195e-03  1.942199e-15
5.323860e-03  2.157928e-15
5.744297e-03  2.373094e-15
6.197938e-03  2.582325e-15
6.687403e-03  2.777903e-15
7.215523e-03  2.952066e-15
7.785349e-03  3.097282e-15
8.400176e-03  3.204585e-15
9.063558e-03  3.269190e-15
9.779328e-03  3.284539e-15
1.000000e-02  3.273435e-15
1.025660e-02  3.260872e-15
1.051979e-02  3.248358e-15
1.055162e-02  3.246869e-15
1.078972e-02  3.219104e-15
1.106659e-02  3.187866e-15
1.135056e-02  3.156932e-15
1.138491e-02  3.153263e-15
1.164181e-02  3.110283e-15
1.194054e-02  3.062191e-15
1.224694e-02  3.014842e-15
1.228400e-02  3.009245e-15
1.256119e-02  2.951708e-15
1.288351e-02  2.887712e-15
1.321411e-02  2.825101e-15
1.325410e-02  2.817725e-15
1.355318e-02  2.747813e-15
1.390095e-02  2.670535e-15
1.425765e-02  2.595429e-15
1.430081e-02  2.586611e-15
1.462351e-02  2.507270e-15
1.499875e-02  2.420131e-15
1.538361e-02  2.336022e-15
1.543017e-02  2.326187e-15
1.577836e-02  2.241169e-15
1.618323e-02  2.148400e-15
1.659849e-02  2.059473e-15
1.664873e-02  2.049114e-15
1.702441e-02  1.961972e-15
1.746126e-02  1.867514e-15
1.790931e-02  1.777606e-15
1.796352e-02  1.767174e-15
1.836887e-02  1.682619e-15
1.884021e-02  1.591509e-15
1.932365e-02  1.505334e-15
1.938214e-02  1.495372e-15
1.981950e-02  1.416064e-15
2.032807e-02  1.331106e-15
2.084969e-02  1.251250e-15
2.091279e-02  1.242052e-15
2.138469e-02  1.172392e-15
2.193342e-02  1.098028e-15
2.249624e-02  1.028388e-15
2.256432e-02  1.020383e-15
2.307349e-02  9.623991e-16
2.366556e-02  9.005560e-16
2.427282e-02  8.426989e-16
2.434628e-02  8.360520e-16
2.489566e-02  7.894863e-16
2.553448e-02  7.397647e-16
2.618970e-02  6.931904e-16
2.626896e-02  6.878362e-16
2.686173e-02  6.530108e-16
2.755100e-02  6.156204e-16
2.825796e-02  5.803862e-16
2.834348e-02  5.763229e-16
2.898306e-02  5.530525e-16
2.972676e-02  5.277895e-16
3.048955e-02  5.037057e-16
3.058183e-02  5.009091e-16
3.127192e-02  4.881591e-16
3.207436e-02  4.740989e-16
3.289738e-02  4.604692e-16
3.299695e-02  4.588715e-16
3.374153e-02  4.544901e-16
3.460734e-02  4.495875e-16
3.549537e-02  4.447618e-16
3.560280e-02  4.441901e-16
3.640618e-02  4.468336e-16
3.734036e-02  4.498844e-16
3.829852e-02  4.529777e-16
3.841443e-02  4.533493e-16
3.928126e-02  4.612415e-16
4.028922e-02  4.703849e-16
4.132304e-02  4.797300e-16
4.144811e-02  4.808579e-16
4.238339e-02  4.929928e-16
4.347095e-02  5.071570e-16
4.458642e-02  5.217442e-16
4.472136e-02  5.235128e-16
4.573051e-02  5.388183e-16
4.690395e-02  5.567366e-16
4.810751e-02  5.752908e-16
4.825311e-02  5.775451e-16
4.934195e-02  5.951722e-16
5.060807e-02  6.157643e-16
5.190667e-02  6.370124e-16
5.206377e-02  6.395963e-16
5.323860e-02  6.587630e-16
5.460470e-02  6.812360e-16
5.600586e-02  7.044915e-16
5.617536e-02  7.073182e-16
5.744297e-02  7.279237e-16
5.891696e-02  7.520677e-16
6.042877e-02  7.770313e-16
6.061166e-02  7.800663e-16
6.197938e-02  8.011031e-16
6.356977e-02  8.256909e-16
6.520097e-02  8.510605e-16
6.539831e-02  8.541393e-16
6.687403e-02  8.749206e-16
6.859002e-02  8.991711e-16
7.035004e-02  9.241303e-16
7.056296e-02  9.271560e-16
7.215523e-02  9.467289e-16
7.400673e-02  9.694919e-16
7.590575e-02  9.928634e-16
7.613548e-02  9.956919e-16
7.785349e-02  1.013445e-15
7.985122e-02  1.034070e-15
8.190020e-02  1.055160e-15
8.214808e-02  1.057711e-15
8.400176e-02  1.072585e-15
8.615725e-02  1.089814e-15
8.836805e-02  1.107453e-15
8.863550e-02  1.109582e-15
9.063558e-02  1.121062e-15
9.296129e-02  1.134363e-15
9.534668e-02  1.147965e-15
9.563525e-02  1.149611e-15
9.779328e-02  1.156875e-15
1.003027e-01  1.165354e-15
1.028764e-01  1.174141e-15
1.031878e-01  1.175201e-15
1.055162e-01  1.177996e-15
1.082238e-01  1.181448e-15
1.110008e-01  1.185225e-15
1.113368e-01  1.185703e-15
1.138491e-01  1.183836e-15
1.167705e-01  1.182039e-15
1.197668e-01  1.180704e-15
1.201293e-01  1.180561e-15
1.228400e-01  1.173580e-15
1.259921e-01  1.166254e-15
1.292251e-01  1.159557e-15
1.296162e-01  1.158798e-15
1.325410e-01  1.147607e-15
1.359420e-01  1.135617e-15
1.394303e-01  1.124543e-15
1.398523e-01  1.123277e-15
1.430081e-01  1.108259e-15
1.466776e-01  1.092528e-15
1.504414e-01  1.077958e-15
1.508967e-01  1.076305e-15
1.543017e-01  1.058726e-15
1.582611e-01  1.040233e-15
1.623221e-01  1.023464e-15
1.628134e-01  1.021581e-15
1.664873e-01  1.002777e-15
1.707594e-01  9.833623e-16
1.751411e-01  9.659185e-16
1.756711e-01  9.639882e-16
1.796352e-01  9.452656e-16
1.842446e-01  9.264001e-16
1.889724e-01  9.103740e-16
1.895443e-01  9.086053e-16
1.938214e-01  8.918654e-16
1.987949e-01  8.756705e-16
2.038959e-01  8.624109e-16
2.045130e-01  8.610302e-16
2.091279e-01  8.477591e-16
2.144941e-01  8.359195e-16
2.199981e-01  8.273428e-16
2.206639e-01  8.264918e-16
2.256432e-01  8.179247e-16
2.314332e-01  8.118938e-16
2.373718e-01  8.093901e-16
2.380902e-01  8.093337e-16
2.434628e-01  8.074077e-16
2.497101e-01  8.084942e-16
2.561176e-01  8.132303e-16
2.568928e-01  8.139980e-16
2.626896e-01  8.189021e-16
2.694302e-01  8.280063e-16
2.763438e-01  8.407299e-16
2.771802e-01  8.424074e-16
2.834348e-01  8.548459e-16
2.907078e-01  8.720071e-16
2.981673e-01  8.925968e-16
2.990698e-01  8.952361e-16
3.058183e-01  9.143455e-16
3.136656e-01  9.394000e-16
3.217143e-01  9.678975e-16
3.226880e-01  9.714628e-16
3.299695e-01  9.983839e-16
3.384365e-01  1.031577e-15
3.471208e-01  1.067059e-15
3.481714e-01  1.071512e-15
3.560280e-01  1.105017e-15
3.651636e-01  1.145077e-15
3.745338e-01  1.187304e-15
3.756673e-01  1.192490e-15
3.841443e-01  1.231669e-15
3.940015e-01  1.278077e-15
4.041116e-01  1.326635e-15
4.053346e-01  1.332537e-15
4.144811e-01  1.377038e-15
4.251167e-01  1.429162e-15
4.360252e-01  1.482610e-15
4.373448e-01  1.489031e-15
4.472136e-01  1.537395e-15
4.586891e-01  1.593256e-15
4.704591e-01  1.650287e-15
4.718830e-01  1.657070e-15
4.825311e-01  1.708060e-15
4.949129e-01  1.766647e-15
5.076123e-01  1.825633e-15
5.091486e-01  1.832748e-15
5.206377e-01  1.886143e-15
5.339973e-01  1.946385e-15
5.476997e-01  2.007140e-15
5.493573e-01  2.014285e-15
5.617536e-01  2.067801e-15
5.761683e-01  2.127998e-15
5.909528e-01  2.187992e-15
5.927413e-01  2.195052e-15
6.061166e-01  2.247788e-15
6.216696e-01  2.306233e-15
6.376217e-01  2.365128e-15
6.395515e-01  2.371857e-15
6.539831e-01  2.422141e-15
6.707643e-01  2.479183e-15
6.879761e-01  2.534357e-15
6.900583e-01  2.540733e-15
7.056296e-01  2.588314e-15
7.237361e-01  2.639694e-15
7.423072e-01  2.689344e-15
7.445538e-01  2.695068e-15
7.613548e-01  2.737711e-15
7.808912e-01  2.783852e-15
8.009289e-01  2.827327e-15
8.033530e-01  2.832173e-15
8.214808e-01  2.868210e-15
8.425600e-01  2.906231e-15
8.641801e-01  2.941302e-15
8.667956e-01  2.945266e-15
8.863550e-01  2.974701e-15
9.090989e-01  3.005034e-15
9.324264e-01  3.032886e-15
9.352484e-01  3.035761e-15
9.563525e-01  3.057078e-15
9.808925e-01  3.077616e-15
1.006062e+00  3.095446e-15
1.009107e+00  3.097249e-15
1.031878e+00  3.110592e-15
1.058356e+00  3.121883e-15
1.085513e+00  3.130456e-15
1.088799e+00  3.131073e-15
1.113368e+00  3.135629e-15
1.141937e+00  3.136616e-15
1.171239e+00  3.135723e-15
1.174784e+00  3.135284e-15
1.201293e+00  3.132047e-15
1.232118e+00  3.124894e-15
1.263734e+00  3.115255e-15
1.267559e+00  3.113729e-15
1.296162e+00  3.102484e-15
1.329421e+00  3.087343e-15
1.363534e+00  3.069833e-15
1.367661e+00  3.067408e-15
1.398523e+00  3.049560e-15
1.434409e+00  3.027421e-15
1.471216e+00  3.002696e-15
1.475668e+00  2.999531e-15
1.508967e+00  2.976256e-15
1.547687e+00  2.948080e-15
1.587401e+00  2.918218e-15
1.592205e+00  2.914422e-15
1.628134e+00  2.886543e-15
1.669912e+00  2.853627e-15
1.712762e+00  2.819511e-15
1.717946e+00  2.815298e-15
1.756711e+00  2.784389e-15
1.801789e+00  2.748184e-15
1.848023e+00  2.711192e-15
1.895443e+00  2.673128e-15
1.944080e+00  2.634363e-15
1.993965e+00  2.594851e-15
2.045130e+00  2.554867e-15
2.097608e+00  2.513620e-15
2.151433e+00  2.472665e-15
2.206639e+00  2.431254e-15
2.263261e+00  2.389489e-15
2.321337e+00  2.347341e-15
2.380902e+00  2.304686e-15
2.441996e+00  2.261714e-15
2.504658e+00  2.218356e-15
2.568928e+00  2.174686e-15
2.634847e+00  2.130682e-15
2.702457e+00  2.086229e-15
2.771802e+00  2.041434e-15
2.842926e+00  1.996286e-15
2.915876e+00  1.950624e-15
2.990698e+00  1.905026e-15
3.067439e+00  1.860786e-15
3.146150e+00  1.817948e-15
3.226880e+00  1.776480e-15
3.309682e+00  1.736482e-15
3.394608e+00  1.697827e-15
3.481714e+00  1.660520e-15
3.571055e+00  1.624583e-15
3.662688e+00  1.589957e-15
3.756673e+00  1.556609e-15
3.853069e+00  1.524403e-15
3.951939e+00  1.493284e-15
4.053346e+00  1.463333e-15
4.157355e+00  1.434546e-15
4.264033e+00  1.406921e-15
4.373448e+00  1.380388e-15
4.485671e+00  1.354983e-15
4.600774e+00  1.330666e-15
4.718830e+00  1.307439e-15
4.839915e+00  1.285428e-15
4.964107e+00  1.264322e-15
5.091486e+00  1.244318e-15
5.222134e+00  1.225315e-15
5.356134e+00  1.207335e-15
5.493573e+00  1.190379e-15
5.634538e+00  1.174445e-15
5.779121e+00  1.158896e-15
5.927413e+00  1.141176e-15
6.079511e+00  1.121085e-15
6.235511e+00  1.099367e-15
6.395515e+00  1.074470e-15
6.559624e+00  1.047033e-15
6.727944e+00  1.017104e-15
6.900583e+00  9.846970e-16
7.077652e+00  9.498441e-16
7.259265e+00  9.125904e-16
7.445538e+00  8.728260e-16
7.636591e+00  8.319533e-16
7.832546e+00  7.906203e-16
8.033530e+00  7.509604e-16
8.239670e+00  7.092895e-16
8.451100e+00  6.677313e-16
8.667956e+00  6.261736e-16
8.890376e+00  5.846985e-16
9.118503e+00  5.437228e-16
9.352484e+00  5.029620e-16
9.592470e+00  4.625776e-16
9.838613e+00  4.231585e-16
1.009107e+01  3.860175e-16
1.035001e+01  3.475732e-16
1.061559e+01  3.100010e-16
1.088799e+01  2.725478e-16
1.116737e+01  2.366779e-16
1.145393e+01  2.024515e-16
1.174784e+01  1.685382e-16
1.204929e+01  1.349250e-16
1.235847e+01  1.041011e-16
1.267559e+01  7.520223e-17
1.300085e+01  4.990475e-17
1.333445e+01  2.217313e-17
1.367661e+01  5.199548e-68
1.402755e+01  5.332968e-68
1.438750e+01  5.469812e-68
1.475668e+01  5.610168e-68
1.513534e+01  5.754125e-68
1.552372e+01  5.901776e-68
1.592205e+01  6.053216e-68
1.633061e+01  6.208542e-68
1.674966e+01  6.367853e-68
1.717946e+01  6.531252e-68
1.762028e+01  6.698844e-68
1.807242e+01  6.870737e-68
1.853616e+01  7.047040e-68
