1.000000e-03  2.886699e-17
1.078972e-03  3.913344e-17
1.164181e-03  5.223692e-17
1.256119e-03  6.540286e-17
1.355318e-03  8.000244e-17
1.462351e-03  9.780099e-17
1.577836e-03  1.192922e-16
1.702441e-03  1.450814e-16
1.836887e-03  1.759879e-16
1.981950e-03  2.128575e-16
2.138469e-03  2.566581e-16
2.307349e-03  3.084116e-16
2.489566e-03  3.688538e-16
2.686173e-03  4.394855e-16
2.898306e-03  5.212548e-16
3.127192e-03  6.155153e-16
3.374153e-03  7.225104e-16
3.640618e-03  8.427134e-16
3.928126e-03  9.768919e-16
4.238339e-03  1.124587e-15
4.573051e-03  1.286088e-15
4.934195e-03  1.457181e-15
5.323860e-03  1.636430e-15
5.744297e-03  1.819977e-15
6.197938e-03  2.004805e-15
6.687403e-03  2.184391e-15
7.215523e-03  2.350043e-15
7.785349e-03  2.496277e-15
8.400176e-03  2.615977e-15
9.063558e-03  2.703611e-15
9.779328e-03  2.749531e-15
1.000000e-02  2.749481e-15
1.025660e-02  2.749425e-15
1.051979e-02  2.749369e-15
1.055162e-02  2.749362e-15
1.078972e-02  2.735148e-15
1.106659e-02  2.719098e-15
1.135056e-02  2.703143e-15
1.138491e-02  2.701246e-15
1.164181e-02  2.673109e-15
1.194054e-02  2.641516e-15
1.224694e-02  2.610296e-15
1.228400e-02  2.606598e-15
1.256119e-02  2.564412e-15
1.288351e-02  2.517340e-15
1.321411e-02  2.471131e-15
1.325410e-02  2.465677e-15
1.355318e-02  2.410800e-15
1.390095e-02  2.349972e-15
1.425765e-02  2.290677e-15
1.430081e-02  2.283704e-15
1.462351e-02  2.218834e-15
1.499875e-02  2.147410e-15
1.538361e-02  2.078287e-15
1.543017e-02  2.070192e-15
1.577836e-02  1.999029e-15
1.618323e-02  1.921191e-15
1.659849e-02  1.846384e-15
1.664873e-02  1.837657e-15
1.702441e-02  1.762508e-15
1.746126e-02  1.680900e-15
1.790931e-02  1.603073e-15
1.796352e-02  1.594033e-15
1.836887e-02  1.519035e-15
1.884021e-02  1.438150e-15
1.932365e-02  1.361571e-15
1.938214e-02  1.352713e-15
1.981950e-02  1.280657e-15
2.032807e-02  1.203485e-15
2.084969e-02  1.130965e-15
2.091279e-02  1.122613e-15
2.138469e-02  1.058799e-15
2.193342e-02  9.907305e-16
2.249624e-02  9.270403e-16
2.256432e-02  9.197234e-16
2.307349e-02  8.643090e-16
2.366556e-02  8.054298e-16
2.427282e-02  7.505669e-16
2.434628e-02  7.442784e-16
2.489566e-02  6.990612e-16
2.553448e-02  6.510487e-16
2.618970e-02  6.063413e-16
2.626896e-02  6.012190e-16
2.686173e-02  5.666450e-16
2.755100e-02  5.298032e-16
2.825796e-02  4.953689e-16
2.834348e-02  4.914151e-16
2.898306e-02  4.672989e-16
2.972676e-02  4.413665e-16
3.048955e-02  4.168859e-16
3.058183e-02  4.140592e-16
3.127192e-02  3.998146e-16
3.207436e-02  3.842503e-16
3.289738e-02  3.693109e-16
3.299695e-02  3.675694e-16
3.374153e-02  3.607427e-16
3.460734e-02  3.531624e-16
3.549537e-02  3.457613e-16
3.560280e-02  3.448901e-16
3.640618e-02  3.444522e-16
3.734036e-02  3.439803e-16
3.829852e-02  3.435202e-16
3.841443e-02  3.434664e-16
3.928126e-02  3.478572e-16
4.028922e-02  3.529258e-16
4.132304e-02  3.580843e-16
4.144811e-02  3.587054e-16
4.238339e-02  3.670950e-16
4.347095e-02  3.768714e-16
4.458642e-02  3.869231e-16
4.472136e-02  3.881402e-16
4.573051e-02  3.995944e-16
4.690395e-02  4.130225e-16
4.810751e-02  4.269306e-16
4.825311e-02  4.286191e-16
4.934195e-02  4.424341e-16
5.060807e-02  4.585861e-16
5.190667e-02  4.752838e-16
5.206377e-02  4.773157e-16
5.323860e-02  4.929126e-16
5.460470e-02  5.112499e-16
5.600586e-02  5.302774e-16
5.617536e-02  5.325945e-16
5.744297e-02  5.496570e-16
5.891696e-02  5.696960e-16
6.042877e-02  5.904788e-16
6.061166e-02  5.930089e-16
6.197938e-02  6.109579e-16
6.356977e-02  6.320086e-16
6.520097e-02  6.537955e-16
6.539831e-02  6.564442e-16
6.687403e-02  6.746093e-16
6.859002e-02  6.958681e-16
7.035004e-02  7.178222e-16
7.056296e-02  7.204882e-16
7.215523e-02  7.380844e-16
7.400673e-02  7.586054e-16
7.590575e-02  7.797252e-16
7.613548e-02  7.822860e-16
7.785349e-02  7.989794e-16
7.985122e-02  8.184022e-16
8.190020e-02  8.383369e-16
8.214808e-02  8.407486e-16
8.400176e-02  8.555729e-16
8.615725e-02  8.727831e-16
8.836805e-02  8.904054e-16
8.863550e-02  8.925342e-16
9.063558e-02  9.049030e-16
9.296129e-02  9.192291e-16
9.534668e-02  9.338786e-16
9.563525e-02  9.356469e-16
9.779328e-02  9.444580e-16
1.003027e-01  9.546673e-16
1.028764e-01  9.651280e-16
1.031878e-01  9.663895e-16
1.055162e-01  9.713858e-16
1.082238e-01  9.772583e-16
1.110008e-01  9.833604e-16
1.113368e-01  9.841024e-16
1.138491e-01  9.849733e-16
1.167705e-01  9.861799e-16
1.197668e-01  9.876436e-16
1.201293e-01  9.878324e-16
1.228400e-01  9.842093e-16
1.259921e-01  9.804465e-16
1.292251e-01  9.770328e-16
1.296162e-01  9.766487e-16
1.325410e-01  9.685726e-16
1.359420e-01  9.599190e-16
1.394303e-01  9.518474e-16
1.398523e-01  9.509122e-16
1.430081e-01  9.387580e-16
1.466776e-01  9.257982e-16
1.504414e-01  9.137580e-16
1.508967e-01  9.123657e-16
1.543017e-01  8.972508e-16
1.582611e-01  8.812114e-16
1.623221e-01  8.663380e-16
1.628134e-01  8.646469e-16
1.664873e-01  8.474984e-16
1.707594e-01  8.295404e-16
1.751411e-01  8.131019e-16
1.756711e-01  8.112423e-16
1.796352e-01  7.930896e-16
1.842446e-01  7.743342e-16
1.889724e-01  7.576590e-16
1.895443e-01  7.557938e-16
1.938214e-01  7.382822e-16
1.987949e-01  7.205245e-16
2.038959e-01  7.053901e-16
2.045130e-01  7.037217e-16
2.091279e-01  6.885385e-16
2.144941e-01  6.739628e-16
2.199981e-01  6.620298e-16
2.206639e-01  6.607683e-16
2.256432e-01  6.491818e-16
2.314332e-01  6.389063e-16
2.373718e-01  6.314858e-16
2.380902e-01  6.307998e-16
2.434628e-01  6.239552e-16
2.497101e-01  6.190370e-16
2.561176e-01  6.169902e-16
2.568928e-01  6.169530e-16
2.626896e-01  6.154010e-16
2.694302e-01  6.165791e-16
2.763438e-01  6.208578e-16
2.771802e-01  6.215205e-16
2.834348e-01  6.259626e-16
2.907078e-01  6.339034e-16
2.981673e-01  6.447203e-16
2.990698e-01  6.461616e-16
3.058183e-01  6.567426e-16
3.136656e-01  6.720041e-16
3.217143e-01  6.897795e-16
3.226880e-01  6.920721e-16
3.299695e-01  7.093689e-16
3.384365e-01  7.311997e-16
3.471208e-01  7.549252e-16
3.481714e-01  7.579500e-16
3.560280e-01  7.806146e-16
3.651636e-01  8.086509e-16
3.745338e-01  8.382024e-16
3.756673e-01  8.418514e-16
3.841443e-01  8.694582e-16
3.940015e-01  9.031599e-16
4.041116e-01  9.384972e-16
4.053346e-01  9.427870e-16
4.144811e-01  9.751628e-16
4.251167e-01  1.013438e-15
4.360252e-01  1.053108e-15
4.373448e-01  1.057888e-15
4.472136e-01  1.093980e-15
4.586891e-01  1.136036e-15
4.704591e-01  1.179118e-15
4.718830e-01  1.184286e-15
4.825311e-01  1.223184e-15
4.949129e-01  1.268059e-15
5.076123e-01  1.313495e-15
5.091486e-01  1.318979e-15
5.206377e-01  1.360175e-15
5.339973e-01  1.407400e-15
5.476997e-01  1.454306e-15
5.493573e-01  1.459874e-15
5.617536e-01  1.501624e-15
5.761683e-01  1.548944e-15
5.909528e-01  1.596847e-15
5.927413e-01  1.602482e-15
6.061166e-01  1.644604e-15
6.216696e-01  1.691442e-15
6.376217e-01  1.738827e-15
6.395515e-01  1.744306e-15
6.539831e-01  1.785300e-15
6.707643e-01  1.831658e-15
6.879761e-01  1.876641e-15
6.900583e-01  1.881841e-15
7.056296e-01  1.920687e-15
7.237361e-01  1.963399e-15
7.423072e-01  2.004518e-15
7.445538e-01  2.009319e-15
7.613548e-01  2.045132e-15
7.808912e-01  2.084653e-15
8.009289e-01  2.121555e-15
8.033530e-01  2.125598e-15
8.214808e-01  2.155694e-15
8.425600e-01  2.188974e-15
8.641801e-01  2.219259e-15
8.667956e-01  2.222729e-15
8.863550e-01  2.248516e-15
9.090989e-01  2.275570e-15
9.324264e-01  2.300537e-15
9.352484e-01  2.303236e-15
9.563525e-01  2.323264e-15
9.808925e-01  2.342615e-15
1.006062e+00  2.359501e-15
1.009107e+00  2.361313e-15
1.031878e+00  2.374736e-15
1.058356e+00  2.386601e-15
1.085513e+00  2.396285e-15
1.088799e+00  2.397101e-15
1.113368e+00  2.403134e-15
1.141937e+00  2.407068e-15
1.171239e+00  2.409228e-15
1.174784e+00  2.409229e-15
1.201293e+00  2.409234e-15
1.232118e+00  2.406490e-15
1.263734e+00  2.402035e-15
1.267559e+00  2.401176e-15
1.296162e+00  2.394842e-15
1.329421e+00  2.385934e-15
1.363534e+00  2.374893e-15
1.367661e+00  2.373343e-15
1.398523e+00  2.361926e-15
1.434409e+00  2.347794e-15
1.471216e+00  2.331358e-15
1.475668e+00  2.329280e-15
1.508967e+00  2.313994e-15
1.547687e+00  2.295504e-15
1.587401e+00  2.275801e-15
1.592205e+00  2.273322e-15
1.628134e+00  2.255098e-15
1.669912e+00  2.233501e-15
1.712762e+00  2.211147e-15
1.717946e+00  2.208376e-15
1.756711e+00  2.188023e-15
1.801789e+00  2.164577e-15
1.848023e+00  2.140511e-15
1.895443e+00  2.115935e-15
1.944080e+00  2.091046e-15
1.993965e+00  2.065609e-15
2.045130e+00  2.039933e-15
2.097608e+00  2.013318e-15
2.151433e+00  1.987281e-15
2.206639e+00  1.960847e-15
2.263261e+00  1.933954e-15
2.321337e+00  1.906880e-15
2.380902e+00  1.879227e-15
2.441996e+00  1.851132e-15
2.504658e+00  1.822470e-15
2.568928e+00  1.793273e-15
2.634847e+00  1.763395e-15
2.702457e+00  1.732649e-15
2.771802e+00  1.701052e-15
2.842926e+00  1.668591e-15
2.915876e+00  1.635236e-15
2.990698e+00  1.601205e-15
3.067439e+00  1.567833e-15
3.146150e+00  1.535208e-15
3.226880e+00  1.503302e-15
3.309682e+00  1.472173e-15
3.394608e+00  1.441838e-15
3.481714e+00  1.412299e-15
3.571055e+00  1.383602e-15
3.662688e+00  1.355752e-15
3.756673e+00  1.328837e-15
3.853069e+00  1.302908e-15
3.951939e+00  1.277956e-15
4.053346e+00  1.254046e-15
4.157355e+00  1.231185e-15
4.264033e+00  1.209409e-15
4.373448e+00  1.188796e-15
4.485671e+00  1.169351e-15
4.600774e+00  1.150776e-15
4.718830e+00  1.133354e-15
4.839915e+00  1.117129e-15
4.964107e+00  1.102132e-15
5.091486e+00  1.088425e-15
5.222134e+00  1.075865e-15
5.356134e+00  1.064704e-15
5.493573e+00  1.054926e-15
5.634538e+00  1.046477e-15
5.779121e+00  1.038655e-15
5.927413e+00  1.028884e-15
6.079511e+00  1.016893e-15
6.235511e+00  1.002550e-15
6.395515e+00  9.857743e-16
6.559624e+00  9.665238e-16
6.727944e+00  9.441914e-16
6.900583e+00  9.196386e-16
7.077652e+00  8.923174e-16
7.259265e+00  8.621906e-16
7.445538e+00  8.293412e-16
7.636591e+00  7.950981e-16
7.832546e+00  7.600898e-16
8.033530e+00  7.244081e-16
8.239670e+00  6.881403e-16
8.451100e+00  6.499933e-16
8.667956e+00  6.126949e-16
8.890376e+00  5.751478e-16
9.118503e+00  5.373250e-16
9.352484e+00  4.993082e-16
9.592470e+00  4.615568e-16
9.838613e+00  4.239813e-16
1.009107e+01  3.865445e-16
1.035001e+01  3.498497e-16
1.061559e+01  3.132796e-16
1.088799e+01  2.756416e-16
1.116737e+01  2.403945e-16
1.145393e+01  2.065016e-16
1.174784e+01  1.733941e-16
1.204929e+01  1.400428e-16
1.235847e+01  1.093890e-16
1.267559e+01  7.901158e-17
1.300085e+01  4.890873e-17
1.333445e+01  2.171682e-17
1.367661e+01  3.901747e-68
1.402755e+01  4.001866e-68
1.438750e+01  4.104554e-68
1.475668e+01  4.209877e-68
1.513534e+01  4.317902e-68
1.552372e+01  4.428700e-68
1.592205e+01  4.542340e-68
1.633061e+01  4.658897e-68
1.674966e+01  4.778444e-68
1.717946e+01  4.901059e-68
1.762028e+01  5.026821e-68
1.807242e+01  5.155809e-68
1.853616e+01  5.288107e-68
