1.000000e-03  2.243357e-17
1.078972e-03  3.122733e-17
1.164181e-03  4.236695e-17
1.256119e-03  5.334683e-17
1.355318e-03  6.530708e-17
1.462351e-03  7.993738e-17
1.577836e-03  9.765781e-17
1.702441e-03  1.189847e-16
1.836887e-03  1.445577e-16
1.981950e-03  1.752418e-16
2.138469e-03  2.116414e-16
2.307349e-03  2.548469e-16
2.489566e-03  3.055173e-16
2.686173e-03  3.652411e-16
2.898306e-03  4.343728e-16
3.127192e-03  5.141148e-16
3.374153e-03  6.053482e-16
3.640618e-03  7.088939e-16
3.928126e-03  8.251246e-16
4.238339e-03  9.533392e-16
4.573051e-03  1.094222e-15
4.934195e-03  1.245478e-15
5.323860e-03  1.406002e-15
5.744297e-03  1.571424e-15
6.197938e-03  1.739119e-15
6.687403e-03  1.904343e-15
7.215523e-03  2.060544e-15
7.785349e-03  2.201556e-15
8.400176e-03  2.319723e-15
9.063558e-03  2.410726e-15
9.779328e-03  2.464676e-15
1.000000e-02  2.468829e-15
1.025660e-02  2.473553e-15
1.051979e-02  2.478286e-15
1.055162e-02  2.478851e-15
1.078972e-02  2.469970e-15
1.106659e-02  2.459924e-15
1.135056e-02  2.449919e-15
1.138491e-02  2.448729e-15
1.164181e-02  2.426847e-15
1.194054e-02  2.402239e-15
1.224694e-02  2.377879e-15
1.228400e-02  2.374991e-15
1.256119e-02  2.339859e-15
1.288351e-02  2.300598e-15
1.321411e-02  2.261995e-15
1.325410e-02  2.257435e-15
1.355318e-02  2.210391e-15
1.390095e-02  2.158164e-15
1.425765e-02  2.107170e-15
1.430081e-02  2.101168e-15
1.462351e-02  2.044306e-15
1.499875e-02  1.981606e-15
1.538361e-02  1.920831e-15
1.543017e-02  1.913707e-15
1.577836e-02  1.849451e-15
1.618323e-02  1.779106e-15
1.659849e-02  1.711436e-15
1.664873e-02  1.703538e-15
1.702441e-02  1.635041e-15
1.746126e-02  1.560600e-15
1.790931e-02  1.489550e-15
1.796352e-02  1.481293e-15
1.836887e-02  1.412815e-15
1.884021e-02  1.338893e-15
1.932365e-02  1.268839e-15
1.938214e-02  1.260731e-15
1.981950e-02  1.194750e-15
2.032807e-02  1.124010e-15
2.084969e-02  1.057460e-15
2.091279e-02  1.049790e-15
2.138469e-02  9.893656e-16
2.193342e-02  9.249649e-16
2.249624e-02  8.647571e-16
2.256432e-02  8.578434e-16
2.307349e-02  8.051261e-16
2.366556e-02  7.491888e-16
2.427282e-02  6.971416e-16
2.434628e-02  6.911806e-16
2.489566e-02  6.482437e-16
2.553448e-02  6.027201e-16
2.618970e-02  5.603997e-16
2.626896e-02  5.555553e-16
2.686173e-02  5.225987e-16
2.755100e-02  4.875504e-16
2.825796e-02  4.548616e-16
2.834348e-02  4.511125e-16
2.898306e-02  4.272912e-16
2.972676e-02  4.017781e-16
3.048955e-02  3.778013e-16
3.058183e-02  3.750396e-16
3.127192e-02  3.602833e-16
3.207436e-02  3.442409e-16
3.289738e-02  3.289325e-16
3.299695e-02  3.271536e-16
3.374153e-02  3.196530e-16
3.460734e-02  3.113603e-16
3.549537e-02  3.032944e-16
3.560280e-02  3.023482e-16
3.640618e-02  3.009397e-16
3.734036e-02  2.993635e-16
3.829852e-02  2.978121e-16
3.841443e-02  2.976286e-16
3.928126e-02  3.006532e-16
4.028922e-02  3.041296e-16
4.132304e-02  3.076707e-16
4.144811e-02  3.080965e-16
4.238339e-02  3.148793e-16
4.347095e-02  3.227735e-16
4.458642e-02  3.308685e-16
4.472136e-02  3.318495e-16
4.573051e-02  3.414981e-16
4.690395e-02  3.528019e-16
4.810751e-02  3.644935e-16
4.825311e-02  3.659126e-16
4.934195e-02  3.778497e-16
5.060807e-02  3.918242e-16
5.190667e-02  4.062621e-16
5.206377e-02  4.080194e-16
5.323860e-02  4.217155e-16
5.460470e-02  4.378317e-16
5.600586e-02  4.545703e-16
5.617536e-02  4.566098e-16
5.744297e-02  4.717306e-16
5.891696e-02  4.895061e-16
6.042877e-02  5.079656e-16
6.061166e-02  5.102136e-16
6.197938e-02  5.262299e-16
6.356977e-02  5.450411e-16
6.520097e-02  5.645267e-16
6.539831e-02  5.668975e-16
6.687403e-02  5.833775e-16
6.859002e-02  6.026890e-16
7.035004e-02  6.226608e-16
7.056296e-02  6.250868e-16
7.215523e-02  6.414131e-16
7.400673e-02  6.604872e-16
7.590575e-02  6.801526e-16
7.613548e-02  6.825394e-16
7.785349e-02  6.982155e-16
7.985122e-02  7.164711e-16
8.190020e-02  7.352337e-16
8.214808e-02  7.375059e-16
8.400176e-02  7.515610e-16
8.615725e-02  7.678895e-16
8.836805e-02  7.846291e-16
8.863550e-02  7.866519e-16
9.063558e-02  7.986170e-16
9.296129e-02  8.124691e-16
9.534668e-02  8.266329e-16
9.563525e-02  8.283453e-16
9.779328e-02  8.375222e-16
1.003027e-01  8.481365e-16
1.028764e-01  8.589996e-16
1.031878e-01  8.603083e-16
1.055162e-01  8.660939e-16
1.082238e-01  8.728408e-16
1.110008e-01  8.797820e-16
1.113368e-01  8.806249e-16
1.138491e-01  8.825091e-16
1.167705e-01  8.848096e-16
1.197668e-01  8.872961e-16
1.201293e-01  8.876068e-16
1.228400e-01  8.852812e-16
1.259921e-01  8.829135e-16
1.292251e-01  8.808223e-16
1.296162e-01  8.805863e-16
1.325410e-01  8.741771e-16
1.359420e-01  8.673519e-16
1.394303e-01  8.609456e-16
1.398523e-01  8.602060e-16
1.430081e-01  8.498895e-16
1.466776e-01  8.388234e-16
1.504414e-01  8.284057e-16
1.508967e-01  8.272088e-16
1.543017e-01  8.136463e-16
1.582611e-01  7.992453e-16
1.623221e-01  7.857434e-16
1.628134e-01  7.841995e-16
1.664873e-01  7.684482e-16
1.707594e-01  7.518433e-16
1.751411e-01  7.365737e-16
1.756711e-01  7.348446e-16
1.796352e-01  7.179704e-16
1.842446e-01  7.002803e-16
1.889724e-01  6.843922e-16
1.895443e-01  6.826015e-16
1.938214e-01  6.658235e-16
1.987949e-01  6.487686e-16
2.038959e-01  6.338608e-16
2.045130e-01  6.321983e-16
2.091279e-01  6.169342e-16
2.144941e-01  6.019970e-16
2.199981e-01  5.894908e-16
2.206639e-01  5.881589e-16
2.256432e-01  5.760638e-16
2.314332e-01  5.647649e-16
2.373718e-01  5.560409e-16
2.380902e-01  5.551529e-16
2.434628e-01  5.468792e-16
2.497101e-01  5.404702e-16
2.561176e-01  5.365183e-16
2.568928e-01  5.362121e-16
2.626896e-01  5.326725e-16
2.694302e-01  5.313681e-16
2.763438e-01  5.331606e-16
2.771802e-01  5.335108e-16
2.834348e-01  5.356889e-16
2.907078e-01  5.405012e-16
2.981673e-01  5.479933e-16
2.990698e-01  5.490336e-16
3.058183e-01  5.564357e-16
3.136656e-01  5.676810e-16
3.217143e-01  5.812954e-16
3.226880e-01  5.830599e-16
3.299695e-01  5.963515e-16
3.384365e-01  6.136633e-16
3.471208e-01  6.329074e-16
3.481714e-01  6.353654e-16
3.560280e-01  6.537621e-16
3.651636e-01  6.766700e-16
3.745338e-01  7.007765e-16
3.756673e-01  7.038411e-16
3.841443e-01  7.270953e-16
3.940015e-01  7.554053e-16
4.041116e-01  7.849516e-16
4.053346e-01  7.885557e-16
4.144811e-01  8.157860e-16
4.251167e-01  8.482833e-16
4.360252e-01  8.821780e-16
4.373448e-01  8.862704e-16
4.472136e-01  9.171452e-16
4.586891e-01  9.526943e-16
4.704591e-01  9.897158e-16
4.718830e-01  9.941278e-16
4.825311e-01  1.027356e-15
4.949129e-01  1.066333e-15
5.076123e-01  1.105422e-15
5.091486e-01  1.110175e-15
5.206377e-01  1.145908e-15
5.339973e-01  1.186628e-15
5.476997e-01  1.227631e-15
5.493573e-01  1.232462e-15
5.617536e-01  1.268705e-15
5.761683e-01  1.310421e-15
5.909528e-01  1.352315e-15
5.927413e-01  1.357229e-15
6.061166e-01  1.393965e-15
6.216696e-01  1.435575e-15
6.376217e-01  1.476831e-15
6.395515e-01  1.481693e-15
6.539831e-01  1.518091e-15
6.707643e-01  1.559043e-15
6.879761e-01  1.599197e-15
6.900583e-01  1.603801e-15
7.056296e-01  1.638206e-15
7.237361e-01  1.676596e-15
7.423072e-01  1.713501e-15
7.445538e-01  1.717860e-15
7.613548e-01  1.750396e-15
7.808912e-01  1.785501e-15
8.009289e-01  1.818617e-15
8.033530e-01  1.822303e-15
8.214808e-01  1.849755e-15
8.425600e-01  1.879971e-15
8.641801e-01  1.907362e-15
8.667956e-01  1.910519e-15
8.863550e-01  1.933989e-15
9.090989e-01  1.958821e-15
9.324264e-01  1.982646e-15
9.352484e-01  1.985126e-15
9.563525e-01  2.003537e-15
9.808925e-01  2.021383e-15
1.006062e+00  2.037973e-15
1.009107e+00  2.039669e-15
1.031878e+00  2.052234e-15
1.058356e+00  2.064121e-15
1.085513e+00  2.073156e-15
1.088799e+00  2.074033e-15
1.113368e+00  2.080521e-15
1.141937e+00  2.085133e-15
1.171239e+00  2.088019e-15
1.174784e+00  2.088147e-15
1.201293e+00  2.089090e-15
1.232118e+00  2.087727e-15
1.263734e+00  2.084980e-15
1.267559e+00  2.084334e-15
1.296162e+00  2.079570e-15
1.329421e+00  2.072644e-15
1.363534e+00  2.063911e-15
1.367661e+00  2.062642e-15
1.398523e+00  2.053298e-15
1.434409e+00  2.041738e-15
1.471216e+00  2.028424e-15
1.475668e+00  2.026739e-15
1.508967e+00  2.014336e-15
1.547687e+00  1.998980e-15
1.587401e+00  1.982765e-15
1.592205e+00  1.980731e-15
1.628134e+00  1.965776e-15
1.669912e+00  1.948235e-15
1.712762e+00  1.929739e-15
1.717946e+00  1.927480e-15
1.756711e+00  1.910883e-15
1.801789e+00  1.891742e-15
1.848023e+00  1.872670e-15
1.895443e+00  1.852969e-15
1.944080e+00  1.832848e-15
1.993965e+00  1.812553e-15
2.045130e+00  1.792398e-15
2.097608e+00  1.771012e-15
2.151433e+00  1.750459e-15
2.206639e+00  1.729607e-15
2.263261e+00  1.708448e-15
2.321337e+00  1.687215e-15
2.380902e+00  1.665467e-15
2.441996e+00  1.643277e-15
2.504658e+00  1.620553e-15
2.568928e+00  1.597268e-15
2.634847e+00  1.573289e-15
2.702457e+00  1.548488e-15
2.771802e+00  1.522765e-15
2.842926e+00  1.496037e-15
2.915876e+00  1.468211e-15
2.990698e+00  1.439598e-15
3.067439e+00  1.411375e-15
3.146150e+00  1.383664e-15
3.226880e+00  1.356392e-15
3.309682e+00  1.329600e-15
3.394608e+00  1.303312e-15
3.481714e+00  1.277552e-15
3.571055e+00  1.252359e-15
3.662688e+00  1.227803e-15
3.756673e+00  1.203914e-15
3.853069e+00  1.180768e-15
3.951939e+00  1.158428e-15
4.053346e+00  1.136963e-15
4.157355e+00  1.116439e-15
4.264033e+00  1.096907e-15
4.373448e+00  1.078458e-15
4.485671e+00  1.061136e-15
4.600774e+00  1.044987e-15
4.718830e+00  1.030074e-15
4.839915e+00  1.016457e-15
4.964107e+00  1.003860e-15
5.091486e+00  9.925506e-16
5.222134e+00  9.825975e-16
5.356134e+00  9.741137e-16
5.493573e+00  9.670737e-16
5.634538e+00  9.614935e-16
5.779121e+00  9.566716e-16
5.927413e+00  9.502007e-16
6.079511e+00  9.415100e-16
6.235511e+00  9.305645e-16
6.395515e+00  9.172885e-16
6.559624e+00  9.018802e-16
6.727944e+00  8.836812e-16
6.900583e+00  8.629051e-16
7.077652e+00  8.393852e-16
7.259265e+00  8.135574e-16
7.445538e+00  7.844743e-16
7.636591e+00  7.539192e-16
7.832546e+00  7.224752e-16
8.033530e+00  6.902135e-16
8.239670e+00  6.580530e-16
8.451100e+00  6.243373e-16
8.667956e+00  5.899502e-16
8.890376e+00  5.550223e-16
9.118503e+00  5.209188e-16
9.352484e+00  4.852561e-16
9.592470e+00  4.493427e-16
9.838613e+00  4.132108e-16
1.009107e+01  3.786610e-16
1.035001e+01  3.428286e-16
1.061559e+01  3.072317e-16
1.088799e+01  2.717291e-16
1.116737e+01  2.372341e-16
1.145393e+01  2.049285e-16
1.174784e+01  1.719917e-16
1.204929e+01  1.391238e-16
1.235847e+01  1.077896e-16
1.267559e+01  7.969245e-17
1.300085e+01  4.885107e-17
1.333445e+01  2.085594e-17
1.367661e+01  3.408970e-68
1.402755e+01  3.496444e-68
1.438750e+01  3.586163e-68
1.475668e+01  3.678184e-68
1.513534e+01  3.772566e-68
1.552372e+01  3.869370e-68
1.592205e+01  3.968659e-68
1.633061e+01  4.070495e-68
1.674966e+01  4.174944e-68
1.717946e+01  4.282073e-68
1.762028e+01  4.391951e-68
1.807242e+01  4.504648e-68
1.853616e+01  4.620238e-68
