1.000000e-03  2.377265e-17
1.078972e-03  3.275310e-17
1.164181e-03  4.434457e-17
1.256119e-03  5.581832e-17
1.355318e-03  6.834792e-17
1.462351e-03  8.361441e-17
1.577836e-03  1.020849e-16
1.702441e-03  1.243689e-16
1.836887e-03  1.510521e-16
1.981950e-03  1.830036e-16
2.138469e-03  2.209404e-16
2.307349e-03  2.659443e-16
2.489566e-03  3.187681e-16
2.686173e-03  3.806428e-16
2.898306e-03  4.524369e-16
3.127192e-03  5.353399e-16
3.374153e-03  6.298733e-16
3.640618e-03  7.369979e-16
3.928126e-03  8.570260e-16
4.238339e-03  9.897331e-16
4.573051e-03  1.135110e-15
4.934195e-03  1.290201e-15
5.323860e-03  1.455091e-15
5.744297e-03  1.624892e-15
6.197938e-03  1.796990e-15
6.687403e-03  1.964955e-15
7.215523e-03  2.123196e-15
7.785349e-03  2.266399e-15
8.400176e-03  2.385539e-15
9.063558e-03  2.475414e-15
9.779328e-03  2.527806e-15
1.000000e-02  2.531229e-15
1.025660e-02  2.535121e-15
1.051979e-02  2.539020e-15
1.055162e-02  2.539485e-15
1.078972e-02  2.529655e-15
1.106659e-02  2.518539e-15
1.135056e-02  2.507473e-15
1.138491e-02  2.506156e-15
1.164181e-02  2.482786e-15
1.194054e-02  2.456515e-15
1.224694e-02  2.430521e-15
1.228400e-02  2.427440e-15
1.256119e-02  2.390754e-15
1.288351e-02  2.349770e-15
1.321411e-02  2.309489e-15
1.325410e-02  2.304731e-15
1.355318e-02  2.256051e-15
1.390095e-02  2.202023e-15
1.425765e-02  2.149289e-15
1.430081e-02  2.143083e-15
1.462351e-02  2.084369e-15
1.499875e-02  2.019651e-15
1.538361e-02  1.956943e-15
1.543017e-02  1.949595e-15
1.577836e-02  1.883792e-15
1.618323e-02  1.811767e-15
1.659849e-02  1.742496e-15
1.664873e-02  1.734412e-15
1.702441e-02  1.664526e-15
1.746126e-02  1.588583e-15
1.790931e-02  1.516107e-15
1.796352e-02  1.507685e-15
1.836887e-02  1.437628e-15
1.884021e-02  1.362023e-15
1.932365e-02  1.290393e-15
1.938214e-02  1.282104e-15
1.981950e-02  1.214462e-15
2.032807e-02  1.141975e-15
2.084969e-02  1.073815e-15
2.091279e-02  1.065962e-15
2.138469e-02  1.004945e-15
2.193342e-02  9.398897e-16
2.249624e-02  8.790462e-16
2.256432e-02  8.720581e-16
2.307349e-02  8.187088e-16
2.366556e-02  7.620830e-16
2.427282e-02  7.093769e-16
2.434628e-02  7.033394e-16
2.489566e-02  6.597990e-16
2.553448e-02  6.136247e-16
2.618970e-02  5.706886e-16
2.626896e-02  5.657730e-16
2.686173e-02  5.322202e-16
2.755100e-02  4.965357e-16
2.825796e-02  4.632552e-16
2.834348e-02  4.594384e-16
2.898306e-02  4.358035e-16
2.972676e-02  4.104472e-16
3.048955e-02  3.865821e-16
3.058183e-02  3.838304e-16
3.127192e-02  3.691178e-16
3.207436e-02  3.531124e-16
3.289738e-02  3.378186e-16
3.299695e-02  3.360397e-16
3.374153e-02  3.285787e-16
3.460734e-02  3.203278e-16
3.549537e-02  3.122973e-16
3.560280e-02  3.113547e-16
3.640618e-02  3.101103e-16
3.734036e-02  3.087191e-16
3.829852e-02  3.073447e-16
3.841443e-02  3.071829e-16
3.928126e-02  3.105600e-16
4.028922e-02  3.144546e-16
4.132304e-02  3.184043e-16
4.144811e-02  3.188805e-16
4.238339e-02  3.259845e-16
4.347095e-02  3.342464e-16
4.458642e-02  3.427391e-16
4.472136e-02  3.437672e-16
4.573051e-02  3.537923e-16
4.690395e-02  3.655285e-16
4.810751e-02  3.776766e-16
4.825311e-02  3.791517e-16
4.934195e-02  3.915285e-16
5.060807e-02  4.060148e-16
5.190667e-02  4.209834e-16
5.206377e-02  4.228059e-16
5.323860e-02  4.369144e-16
5.460470e-02  4.535018e-16
5.600586e-02  4.707346e-16
5.617536e-02  4.728334e-16
5.744297e-02  4.883680e-16
5.891696e-02  5.066276e-16
6.042877e-02  5.255886e-16
6.061166e-02  5.278964e-16
6.197938e-02  5.443201e-16
6.356977e-02  5.636057e-16
6.520097e-02  5.835866e-16
6.539831e-02  5.860160e-16
6.687403e-02  6.029406e-16
6.859002e-02  6.227781e-16
7.035004e-02  6.432777e-16
7.056296e-02  6.457691e-16
7.215523e-02  6.623916e-16
7.400673e-02  6.818073e-16
7.590575e-02  7.018034e-16
7.613548e-02  7.042309e-16
7.785349e-02  7.201055e-16
7.985122e-02  7.385804e-16
8.190020e-02  7.575690e-16
8.214808e-02  7.598688e-16
8.400176e-02  7.741374e-16
8.615725e-02  7.906869e-16
8.836805e-02  8.076679e-16
8.863550e-02  8.097198e-16
9.063558e-02  8.218429e-16
9.296129e-02  8.358660e-16
9.534668e-02  8.502172e-16
9.563525e-02  8.519499e-16
9.779328e-02  8.610862e-16
1.003027e-01  8.716838e-16
1.028764e-01  8.825013e-16
1.031878e-01  8.838055e-16
1.055162e-01  8.894264e-16
1.082238e-01  8.960002e-16
1.110008e-01  9.027910e-16
1.113368e-01  9.036133e-16
1.138491e-01  9.052733e-16
1.167705e-01  9.073280e-16
1.197668e-01  9.095689e-16
1.201293e-01  9.098546e-16
1.228400e-01  9.072816e-16
1.259921e-01  9.046376e-16
1.292251e-01  9.022443e-16
1.296162e-01  9.019809e-16
1.325410e-01  8.952429e-16
1.359420e-01  8.880194e-16
1.394303e-01  8.812823e-16
1.398523e-01  8.804996e-16
1.430081e-01  8.697754e-16
1.466776e-01  8.582585e-16
1.504414e-01  8.475192e-16
1.508967e-01  8.462865e-16
1.543017e-01  8.324193e-16
1.582611e-01  8.175505e-16
1.623221e-01  8.037109e-16
1.628134e-01  8.021389e-16
1.664873e-01  7.860811e-16
1.707594e-01  7.690833e-16
1.751411e-01  7.535784e-16
1.756711e-01  7.518014e-16
1.796352e-01  7.344638e-16
1.842446e-01  7.164413e-16
1.889724e-01  7.003902e-16
1.895443e-01  6.985682e-16
1.938214e-01  6.816780e-16
1.987949e-01  6.645017e-16
2.038959e-01  6.495803e-16
2.045130e-01  6.479269e-16
2.091279e-01  6.326272e-16
2.144941e-01  6.176976e-16
2.199981e-01  6.052763e-16
2.206639e-01  6.039406e-16
2.256432e-01  5.916943e-16
2.314332e-01  5.805289e-16
2.373718e-01  5.719209e-16
2.380902e-01  5.710633e-16
2.434628e-01  5.631286e-16
2.497101e-01  5.568900e-16
2.561176e-01  5.533137e-16
2.568928e-01  5.530842e-16
2.626896e-01  5.501942e-16
2.694302e-01  5.494072e-16
2.763438e-01  5.516696e-16
2.771802e-01  5.520891e-16
2.834348e-01  5.547333e-16
2.907078e-01  5.601031e-16
2.981673e-01  5.685284e-16
2.990698e-01  5.696270e-16
3.058183e-01  5.773667e-16
3.136656e-01  5.892075e-16
3.217143e-01  6.039936e-16
3.226880e-01  6.058305e-16
3.299695e-01  6.197224e-16
3.384365e-01  6.380841e-16
3.471208e-01  6.581946e-16
3.481714e-01  6.607473e-16
3.560280e-01  6.799141e-16
3.651636e-01  7.043113e-16
3.745338e-01  7.295238e-16
3.756673e-01  7.327213e-16
3.841443e-01  7.569374e-16
3.940015e-01  7.863115e-16
4.041116e-01  8.170319e-16
4.053346e-01  8.207914e-16
4.144811e-01  8.491789e-16
4.251167e-01  8.826758e-16
4.360252e-01  9.177860e-16
4.373448e-01  9.220404e-16
4.472136e-01  9.541468e-16
4.586891e-01  9.910139e-16
4.704591e-01  1.029476e-15
4.718830e-01  1.034057e-15
4.825311e-01  1.068558e-15
4.949129e-01  1.108430e-15
5.076123e-01  1.149471e-15
5.091486e-01  1.154325e-15
5.206377e-01  1.190797e-15
5.339973e-01  1.233004e-15
5.476997e-01  1.274984e-15
5.493573e-01  1.280030e-15
5.617536e-01  1.317887e-15
5.761683e-01  1.360713e-15
5.909528e-01  1.403876e-15
5.927413e-01  1.408945e-15
6.061166e-01  1.446838e-15
6.216696e-01  1.489253e-15
6.376217e-01  1.532318e-15
6.395515e-01  1.537311e-15
6.539831e-01  1.574690e-15
6.707643e-01  1.616582e-15
6.879761e-01  1.658059e-15
6.900583e-01  1.662780e-15
7.056296e-01  1.698061e-15
7.237361e-01  1.737471e-15
7.423072e-01  1.775595e-15
7.445538e-01  1.779967e-15
7.613548e-01  1.812583e-15
7.808912e-01  1.849198e-15
8.009289e-01  1.882985e-15
8.033530e-01  1.886754e-15
8.214808e-01  1.914818e-15
8.425600e-01  1.945347e-15
8.641801e-01  1.973662e-15
8.667956e-01  1.976959e-15
8.863550e-01  2.001476e-15
9.090989e-01  2.026409e-15
9.324264e-01  2.050271e-15
9.352484e-01  2.052847e-15
9.563525e-01  2.071968e-15
9.808925e-01  2.090203e-15
1.006062e+00  2.107137e-15
1.009107e+00  2.108781e-15
1.031878e+00  2.120964e-15
1.058356e+00  2.132773e-15
1.085513e+00  2.142850e-15
1.088799e+00  2.143670e-15
1.113368e+00  2.149736e-15
1.141937e+00  2.153811e-15
1.171239e+00  2.157013e-15
1.174784e+00  2.157104e-15
1.201293e+00  2.157780e-15
1.232118e+00  2.156229e-15
1.263734e+00  2.152998e-15
1.267559e+00  2.152309e-15
1.296162e+00  2.147228e-15
1.329421e+00  2.139967e-15
1.363534e+00  2.130768e-15
1.367661e+00  2.129447e-15
1.398523e+00  2.119719e-15
1.434409e+00  2.107629e-15
1.471216e+00  2.093671e-15
1.475668e+00  2.091892e-15
1.508967e+00  2.078803e-15
1.547687e+00  2.062915e-15
1.587401e+00  2.046133e-15
1.592205e+00  2.044003e-15
1.628134e+00  2.028344e-15
1.669912e+00  2.009783e-15
1.712762e+00  1.990864e-15
1.717946e+00  1.988475e-15
1.756711e+00  1.970921e-15
1.801789e+00  1.951149e-15
1.848023e+00  1.930727e-15
1.895443e+00  1.909999e-15
1.944080e+00  1.889219e-15
1.993965e+00  1.867767e-15
2.045130e+00  1.846353e-15
2.097608e+00  1.824023e-15
2.151433e+00  1.802366e-15
2.206639e+00  1.780354e-15
2.263261e+00  1.758044e-15
2.321337e+00  1.735589e-15
2.380902e+00  1.712619e-15
2.441996e+00  1.689195e-15
2.504658e+00  1.665244e-15
2.568928e+00  1.640727e-15
2.634847e+00  1.615541e-15
2.702457e+00  1.589507e-15
2.771802e+00  1.562546e-15
2.842926e+00  1.534603e-15
2.915876e+00  1.505558e-15
2.990698e+00  1.475802e-15
3.067439e+00  1.446457e-15
3.146150e+00  1.417688e-15
3.226880e+00  1.389416e-15
3.309682e+00  1.361659e-15
3.394608e+00  1.334476e-15
3.481714e+00  1.307890e-15
3.571055e+00  1.281927e-15
3.662688e+00  1.256658e-15
3.756673e+00  1.232127e-15
3.853069e+00  1.208353e-15
3.951939e+00  1.185442e-15
4.053346e+00  1.163448e-15
4.157355e+00  1.142417e-15
4.264033e+00  1.122406e-15
4.373448e+00  1.103522e-15
4.485671e+00  1.085741e-15
4.600774e+00  1.069156e-15
4.718830e+00  1.053814e-15
4.839915e+00  1.039539e-15
4.964107e+00  1.026400e-15
5.091486e+00  1.014581e-15
5.222134e+00  1.004140e-15
5.356134e+00  9.950570e-16
5.493573e+00  9.875108e-16
5.634538e+00  9.813131e-16
5.779121e+00  9.758896e-16
5.927413e+00  9.687525e-16
6.079511e+00  9.593125e-16
6.235511e+00  9.476394e-16
6.395515e+00  9.338493e-16
6.559624e+00  9.173474e-16
6.727944e+00  8.986579e-16
6.900583e+00  8.770051e-16
7.077652e+00  8.525776e-16
7.259265e+00  8.258520e-16
7.445538e+00  7.957871e-16
7.636591e+00  7.649427e-16
7.832546e+00  7.325628e-16
8.033530e+00  6.992869e-16
8.239670e+00  6.661946e-16
8.451100e+00  6.314728e-16
8.667956e+00  5.961328e-16
8.890376e+00  5.615460e-16
9.118503e+00  5.253457e-16
9.352484e+00  4.902659e-16
9.592470e+00  4.533458e-16
9.838613e+00  4.163569e-16
1.009107e+01  3.814277e-16
1.035001e+01  3.447407e-16
1.061559e+01  3.104218e-16
1.088799e+01  2.745916e-16
1.116737e+01  2.391805e-16
1.145393e+01  2.067626e-16
1.174784e+01  1.728866e-16
1.204929e+01  1.395557e-16
1.235847e+01  1.102231e-16
1.267559e+01  7.827692e-17
1.300085e+01  5.069996e-17
1.333445e+01  2.171111e-17
1.367661e+01  3.511310e-68
1.402755e+01  3.601410e-68
1.438750e+01  3.693822e-68
1.475668e+01  3.788606e-68
1.513534e+01  3.885822e-68
1.552372e+01  3.985532e-68
1.592205e+01  4.087801e-68
1.633061e+01  4.192694e-68
1.674966e+01  4.300279e-68
1.717946e+01  4.410624e-68
1.762028e+01  4.523801e-68
1.807242e+01  4.639881e-68
1.853616e+01  4.758941e-68
