1.000000e-03  2.285596e-17
1.078972e-03  3.162883e-17
1.164181e-03  4.282003e-17
1.256119e-03  5.383604e-17
1.355318e-03  6.621406e-17
1.462351e-03  8.090804e-17
1.577836e-03  9.867017e-17
1.702441e-03  1.200543e-16
1.836887e-03  1.464858e-16
1.981950e-03  1.772838e-16
2.138469e-03  2.137865e-16
2.307349e-03  2.571189e-16
2.489566e-03  3.094685e-16
2.686173e-03  3.693126e-16
2.898306e-03  4.385751e-16
3.127192e-03  5.184915e-16
3.374153e-03  6.125034e-16
3.640618e-03  7.163540e-16
3.928126e-03  8.327037e-16
4.238339e-03  9.610841e-16
4.573051e-03  1.105728e-15
4.934195e-03  1.257285e-15
5.323860e-03  1.417662e-15
5.744297e-03  1.583130e-15
6.197938e-03  1.755138e-15
6.687403e-03  1.920171e-15
7.215523e-03  2.075716e-15
7.785349e-03  2.216494e-15
8.400176e-03  2.337580e-15
9.063558e-03  2.426900e-15
9.779328e-03  2.479946e-15
1.000000e-02  2.484039e-15
1.025660e-02  2.488694e-15
1.051979e-02  2.493358e-15
1.055162e-02  2.493915e-15
1.078972e-02  2.485273e-15
1.106659e-02  2.475496e-15
1.135056e-02  2.465758e-15
1.138491e-02  2.464599e-15
1.164181e-02  2.441580e-15
1.194054e-02  2.415703e-15
1.224694e-02  2.390100e-15
1.228400e-02  2.387065e-15
1.256119e-02  2.351778e-15
1.288351e-02  2.312345e-15
1.321411e-02  2.273572e-15
1.325410e-02  2.268991e-15
1.355318e-02  2.221956e-15
1.390095e-02  2.169733e-15
1.425765e-02  2.118736e-15
1.430081e-02  2.112733e-15
1.462351e-02  2.055661e-15
1.499875e-02  1.992726e-15
1.538361e-02  1.931720e-15
1.543017e-02  1.924569e-15
1.577836e-02  1.858795e-15
1.618323e-02  1.786837e-15
1.659849e-02  1.717663e-15
1.664873e-02  1.709593e-15
1.702441e-02  1.641301e-15
1.746126e-02  1.567062e-15
1.790931e-02  1.496182e-15
1.796352e-02  1.487943e-15
1.836887e-02  1.419554e-15
1.884021e-02  1.345706e-15
1.932365e-02  1.275700e-15
1.938214e-02  1.267597e-15
1.981950e-02  1.201477e-15
2.032807e-02  1.130575e-15
2.084969e-02  1.063857e-15
2.091279e-02  1.056168e-15
2.138469e-02  9.942882e-16
2.193342e-02  9.284139e-16
2.249624e-02  8.669048e-16
2.256432e-02  8.598467e-16
2.307349e-02  8.075082e-16
2.366556e-02  7.519350e-16
2.427282e-02  7.001906e-16
2.434628e-02  6.942620e-16
2.489566e-02  6.514025e-16
2.553448e-02  6.059413e-16
2.618970e-02  5.636590e-16
2.626896e-02  5.588177e-16
2.686173e-02  5.257696e-16
2.755100e-02  4.906170e-16
2.825796e-02  4.578217e-16
2.834348e-02  4.540604e-16
2.898306e-02  4.298500e-16
2.972676e-02  4.039337e-16
3.048955e-02  3.795932e-16
3.058183e-02  3.767901e-16
3.127192e-02  3.621994e-16
3.207436e-02  3.463332e-16
3.289738e-02  3.311787e-16
3.299695e-02  3.294164e-16
3.374153e-02  3.219249e-16
3.460734e-02  3.136448e-16
3.549537e-02  3.055962e-16
3.560280e-02  3.046512e-16
3.640618e-02  3.032235e-16
3.734036e-02  3.016185e-16
3.829852e-02  3.000449e-16
3.841443e-02  2.998589e-16
3.928126e-02  3.030592e-16
4.028922e-02  3.067477e-16
4.132304e-02  3.104870e-16
4.144811e-02  3.109379e-16
4.238339e-02  3.177624e-16
4.347095e-02  3.257042e-16
4.458642e-02  3.338591e-16
4.472136e-02  3.348445e-16
4.573051e-02  3.444953e-16
4.690395e-02  3.558131e-16
4.810751e-02  3.675153e-16
4.825311e-02  3.689355e-16
4.934195e-02  3.808921e-16
5.060807e-02  3.948851e-16
5.190667e-02  4.093399e-16
5.206377e-02  4.110992e-16
5.323860e-02  4.251825e-16
5.460470e-02  4.417630e-16
5.600586e-02  4.590006e-16
5.617536e-02  4.611009e-16
5.744297e-02  4.762110e-16
5.891696e-02  4.939763e-16
6.042877e-02  5.124145e-16
6.061166e-02  5.146594e-16
6.197938e-02  5.306725e-16
6.356977e-02  5.494721e-16
6.520097e-02  5.689474e-16
6.539831e-02  5.713162e-16
6.687403e-02  5.878196e-16
6.859002e-02  6.071531e-16
7.035004e-02  6.271384e-16
7.056296e-02  6.295670e-16
7.215523e-02  6.462738e-16
7.400673e-02  6.658041e-16
7.590575e-02  6.859332e-16
7.613548e-02  6.883773e-16
7.785349e-02  7.039740e-16
7.985122e-02  7.221421e-16
8.190020e-02  7.408047e-16
8.214808e-02  7.430636e-16
8.400176e-02  7.570824e-16
8.615725e-02  7.733824e-16
8.836805e-02  7.900789e-16
8.863550e-02  7.920957e-16
9.063558e-02  8.040742e-16
9.296129e-02  8.179484e-16
9.534668e-02  8.321557e-16
9.563525e-02  8.338710e-16
9.779328e-02  8.431889e-16
1.003027e-01  8.539553e-16
1.028764e-01  8.649846e-16
1.031878e-01  8.663137e-16
1.055162e-01  8.719812e-16
1.082238e-01  8.785977e-16
1.110008e-01  8.853856e-16
1.113368e-01  8.862152e-16
1.138491e-01  8.880870e-16
1.167705e-01  8.903256e-16
1.197668e-01  8.927912e-16
1.201293e-01  8.930989e-16
1.228400e-01  8.908118e-16
1.259921e-01  8.884885e-16
1.292251e-01  8.864041e-16
1.296162e-01  8.861764e-16
1.325410e-01  8.794529e-16
1.359420e-01  8.722784e-16
1.394303e-01  8.654843e-16
1.398523e-01  8.646977e-16
1.430081e-01  8.543348e-16
1.466776e-01  8.432602e-16
1.504414e-01  8.329568e-16
1.508967e-01  8.317518e-16
1.543017e-01  8.181930e-16
1.582611e-01  8.038604e-16
1.623221e-01  7.903998e-16
1.628134e-01  7.888788e-16
1.664873e-01  7.733081e-16
1.707594e-01  7.566969e-16
1.751411e-01  7.415201e-16
1.756711e-01  7.398006e-16
1.796352e-01  7.222522e-16
1.842446e-01  7.039146e-16
1.889724e-01  6.873718e-16
1.895443e-01  6.855103e-16
1.938214e-01  6.689170e-16
1.987949e-01  6.521704e-16
2.038959e-01  6.373121e-16
2.045130e-01  6.356862e-16
2.091279e-01  6.207143e-16
2.144941e-01  6.059967e-16
2.199981e-01  5.938273e-16
2.206639e-01  5.924865e-16
2.256432e-01  5.802660e-16
2.314332e-01  5.692302e-16
2.373718e-01  5.606580e-16
2.380902e-01  5.598014e-16
2.434628e-01  5.511930e-16
2.497101e-01  5.441123e-16
2.561176e-01  5.398558e-16
2.568928e-01  5.395408e-16
2.626896e-01  5.365188e-16
2.694302e-01  5.355965e-16
2.763438e-01  5.375691e-16
2.771802e-01  5.379523e-16
2.834348e-01  5.403282e-16
2.907078e-01  5.456715e-16
2.981673e-01  5.532687e-16
2.990698e-01  5.543344e-16
3.058183e-01  5.618815e-16
3.136656e-01  5.732180e-16
3.217143e-01  5.870225e-16
3.226880e-01  5.888317e-16
3.299695e-01  6.022295e-16
3.384365e-01  6.196102e-16
3.471208e-01  6.389085e-16
3.481714e-01  6.413560e-16
3.560280e-01  6.599052e-16
3.651636e-01  6.834610e-16
3.745338e-01  7.080845e-16
3.756673e-01  7.111786e-16
3.841443e-01  7.346206e-16
3.940015e-01  7.628090e-16
4.041116e-01  7.929359e-16
4.053346e-01  7.966209e-16
4.144811e-01  8.244567e-16
4.251167e-01  8.567941e-16
4.360252e-01  8.909670e-16
4.373448e-01  8.951066e-16
4.472136e-01  9.263024e-16
4.586891e-01  9.626933e-16
4.704591e-01  9.991785e-16
4.718830e-01  1.003660e-15
4.825311e-01  1.037443e-15
4.949129e-01  1.076826e-15
5.076123e-01  1.116821e-15
5.091486e-01  1.121518e-15
5.206377e-01  1.156813e-15
5.339973e-01  1.198164e-15
5.476997e-01  1.239582e-15
5.493573e-01  1.244450e-15
5.617536e-01  1.280961e-15
5.761683e-01  1.322845e-15
5.909528e-01  1.365080e-15
5.927413e-01  1.370047e-15
6.061166e-01  1.407177e-15
6.216696e-01  1.448796e-15
6.376217e-01  1.490832e-15
6.395515e-01  1.495714e-15
6.539831e-01  1.532264e-15
6.707643e-01  1.573869e-15
6.879761e-01  1.613461e-15
6.900583e-01  1.618153e-15
7.056296e-01  1.653225e-15
7.237361e-01  1.691840e-15
7.423072e-01  1.729101e-15
7.445538e-01  1.733383e-15
7.613548e-01  1.765329e-15
7.808912e-01  1.801418e-15
8.009289e-01  1.835117e-15
8.033530e-01  1.838757e-15
8.214808e-01  1.865857e-15
8.425600e-01  1.896086e-15
8.641801e-01  1.924026e-15
8.667956e-01  1.927233e-15
8.863550e-01  1.951082e-15
9.090989e-01  1.975289e-15
9.324264e-01  1.999308e-15
9.352484e-01  2.001850e-15
9.563525e-01  2.020717e-15
9.808925e-01  2.039033e-15
1.006062e+00  2.054900e-15
1.009107e+00  2.056620e-15
1.031878e+00  2.069367e-15
1.058356e+00  2.081402e-15
1.085513e+00  2.090288e-15
1.088799e+00  2.091170e-15
1.113368e+00  2.097694e-15
1.141937e+00  2.102305e-15
1.171239e+00  2.105502e-15
1.174784e+00  2.105597e-15
1.201293e+00  2.106301e-15
1.232118e+00  2.104935e-15
1.263734e+00  2.101998e-15
1.267559e+00  2.101354e-15
1.296162e+00  2.096605e-15
1.329421e+00  2.089292e-15
1.363534e+00  2.080491e-15
1.367661e+00  2.079232e-15
1.398523e+00  2.069963e-15
1.434409e+00  2.058402e-15
1.471216e+00  2.044785e-15
1.475668e+00  2.043063e-15
1.508967e+00  2.030390e-15
1.547687e+00  2.015164e-15
1.587401e+00  1.998697e-15
1.592205e+00  1.996639e-15
1.628134e+00  1.981504e-15
1.669912e+00  1.963572e-15
1.712762e+00  1.945210e-15
1.717946e+00  1.942907e-15
1.756711e+00  1.925983e-15
1.801789e+00  1.906649e-15
1.848023e+00  1.887129e-15
1.895443e+00  1.867310e-15
1.944080e+00  1.846991e-15
1.993965e+00  1.826510e-15
2.045130e+00  1.806070e-15
2.097608e+00  1.784371e-15
2.151433e+00  1.763534e-15
2.206639e+00  1.742386e-15
2.263261e+00  1.720949e-15
2.321337e+00  1.699405e-15
2.380902e+00  1.677392e-15
2.441996e+00  1.654903e-15
2.504658e+00  1.631888e-15
2.568928e+00  1.608250e-15
2.634847e+00  1.583962e-15
2.702457e+00  1.558857e-15
2.771802e+00  1.532849e-15
2.842926e+00  1.505809e-15
2.915876e+00  1.477709e-15
2.990698e+00  1.448802e-15
3.067439e+00  1.420283e-15
3.146150e+00  1.392290e-15
3.226880e+00  1.364769e-15
3.309682e+00  1.337751e-15
3.394608e+00  1.311233e-15
3.481714e+00  1.285262e-15
3.571055e+00  1.259896e-15
3.662688e+00  1.235142e-15
3.756673e+00  1.211064e-15
3.853069e+00  1.187765e-15
3.951939e+00  1.165302e-15
4.053346e+00  1.143712e-15
4.157355e+00  1.123060e-15
4.264033e+00  1.103410e-15
4.373448e+00  1.084846e-15
4.485671e+00  1.067401e-15
4.600774e+00  1.051130e-15
4.718830e+00  1.036126e-15
4.839915e+00  1.022380e-15
4.964107e+00  1.009615e-15
5.091486e+00  9.982302e-16
5.222134e+00  9.881563e-16
5.356134e+00  9.794756e-16
5.493573e+00  9.723590e-16
5.634538e+00  9.666140e-16
5.779121e+00  9.616573e-16
5.927413e+00  9.549009e-16
6.079511e+00  9.461651e-16
6.235511e+00  9.350316e-16
6.395515e+00  9.215843e-16
6.559624e+00  9.056758e-16
6.727944e+00  8.875435e-16
6.900583e+00  8.665368e-16
7.077652e+00  8.427911e-16
7.259265e+00  8.167465e-16
7.445538e+00  7.874321e-16
7.636591e+00  7.566015e-16
7.832546e+00  7.249205e-16
8.033530e+00  6.932465e-16
8.239670e+00  6.599396e-16
8.451100e+00  6.259079e-16
8.667956e+00  5.912505e-16
8.890376e+00  5.573170e-16
9.118503e+00  5.217495e-16
9.352484e+00  4.857780e-16
9.592470e+00  4.511318e-16
9.838613e+00  4.148514e-16
1.009107e+01  3.784700e-16
1.035001e+01  3.422574e-16
1.061559e+01  3.084616e-16
1.088799e+01  2.727427e-16
1.116737e+01  2.381498e-16
1.145393e+01  2.035099e-16
1.174784e+01  1.726428e-16
1.204929e+01  1.395639e-16
1.235847e+01  1.082226e-16
1.267559e+01  7.991026e-17
1.300085e+01  4.929857e-17
1.333445e+01  2.108369e-17
1.367661e+01  3.434198e-68
1.402755e+01  3.522319e-68
1.438750e+01  3.612702e-68
1.475668e+01  3.705404e-68
1.513534e+01  3.800485e-68
1.552372e+01  3.898006e-68
1.592205e+01  3.998028e-68
1.633061e+01  4.100618e-68
1.674966e+01  4.205840e-68
1.717946e+01  4.313762e-68
1.762028e+01  4.424453e-68
1.807242e+01  4.537985e-68
1.853616e+01  4.654430e-68
