1.000000e-03  2.062723e-17
1.078972e-03  2.883965e-17
1.164181e-03  3.952731e-17
1.256119e-03  4.981210e-17
1.355318e-03  6.102445e-17
1.462351e-03  7.471613e-17
1.577836e-03  9.130607e-17
1.702441e-03  1.112797e-16
1.836887e-03  1.352784e-16
1.981950e-03  1.640712e-16
2.138469e-03  1.982743e-16
2.307349e-03  2.389626e-16
2.489566e-03  2.867259e-16
2.686173e-03  3.429397e-16
2.898306e-03  4.080735e-16
3.127192e-03  4.835315e-16
3.374153e-03  5.699698e-16
3.640618e-03  6.680353e-16
3.928126e-03  7.784508e-16
4.238339e-03  9.006304e-16
4.573051e-03  1.035186e-15
4.934195e-03  1.179639e-15
5.323860e-03  1.333566e-15
5.744297e-03  1.492743e-15
6.197938e-03  1.654823e-15
6.687403e-03  1.814666e-15
7.215523e-03  1.966751e-15
7.785349e-03  2.105233e-15
8.400176e-03  2.222172e-15
9.063558e-03  2.312710e-15
9.779328e-03  2.368743e-15
1.000000e-02  2.374067e-15
1.025660e-02  2.380126e-15
1.051979e-02  2.386202e-15
1.055162e-02  2.386927e-15
1.078972e-02  2.379671e-15
1.106659e-02  2.371459e-15
1.135056e-02  2.363275e-15
1.138491e-02  2.362301e-15
1.164181e-02  2.342255e-15
1.194054e-02  2.319699e-15
1.224694e-02  2.297361e-15
1.228400e-02  2.294711e-15
1.256119e-02  2.261846e-15
1.288351e-02  2.225100e-15
1.321411e-02  2.188950e-15
1.325410e-02  2.184678e-15
1.355318e-02  2.140126e-15
1.390095e-02  2.090641e-15
1.425765e-02  2.042300e-15
1.430081e-02  2.036608e-15
1.462351e-02  1.982196e-15
1.499875e-02  1.922175e-15
1.538361e-02  1.863973e-15
1.543017e-02  1.857149e-15
1.577836e-02  1.795534e-15
1.618323e-02  1.728051e-15
1.659849e-02  1.663104e-15
1.664873e-02  1.655522e-15
1.702441e-02  1.589499e-15
1.746126e-02  1.517720e-15
1.790931e-02  1.449184e-15
1.796352e-02  1.441218e-15
1.836887e-02  1.374896e-15
1.884021e-02  1.303285e-15
1.932365e-02  1.235404e-15
1.938214e-02  1.227547e-15
1.981950e-02  1.163185e-15
2.032807e-02  1.094187e-15
2.084969e-02  1.029283e-15
2.091279e-02  1.021804e-15
2.138469e-02  9.631879e-16
2.193342e-02  9.007005e-16
2.249624e-02  8.422676e-16
2.256432e-02  8.355569e-16
2.307349e-02  7.841406e-16
2.366556e-02  7.295881e-16
2.427282e-02  6.788339e-16
2.434628e-02  6.730213e-16
2.489566e-02  6.308431e-16
2.553448e-02  5.861524e-16
2.618970e-02  5.446322e-16
2.626896e-02  5.398811e-16
2.686173e-02  5.073139e-16
2.755100e-02  4.727182e-16
2.825796e-02  4.404895e-16
2.834348e-02  4.367959e-16
2.898306e-02  4.134966e-16
2.972676e-02  3.885549e-16
3.048955e-02  3.651290e-16
3.058183e-02  3.624317e-16
3.127192e-02  3.476762e-16
3.207436e-02  3.316620e-16
3.289738e-02  3.164004e-16
3.299695e-02  3.146285e-16
3.374153e-02  3.069053e-16
3.460734e-02  2.983801e-16
3.549537e-02  2.901086e-16
3.560280e-02  2.891385e-16
3.640618e-02  2.873940e-16
3.734036e-02  2.854403e-16
3.829852e-02  2.835160e-16
3.841443e-02  2.832883e-16
3.928126e-02  2.859415e-16
4.028922e-02  2.889974e-16
4.132304e-02  2.921003e-16
4.144811e-02  2.924735e-16
4.238339e-02  2.987493e-16
4.347095e-02  3.060496e-16
4.458642e-02  3.135416e-16
4.472136e-02  3.144479e-16
4.573051e-02  3.235255e-16
4.690395e-02  3.341612e-16
4.810751e-02  3.451581e-16
4.825311e-02  3.464941e-16
4.934195e-02  3.578466e-16
5.060807e-02  3.711258e-16
5.190667e-02  3.848453e-16
5.206377e-02  3.865155e-16
5.323860e-02  3.995866e-16
5.460470e-02  4.149693e-16
5.600586e-02  4.309498e-16
5.617536e-02  4.328970e-16
5.744297e-02  4.473619e-16
5.891696e-02  4.643771e-16
6.042877e-02  4.820473e-16
6.061166e-02  4.841999e-16
6.197938e-02  4.995809e-16
6.356977e-02  5.176462e-16
6.520097e-02  5.363734e-16
6.539831e-02  5.386520e-16
6.687403e-02  5.545854e-16
6.859002e-02  5.732656e-16
7.035004e-02  5.925909e-16
7.056296e-02  5.949395e-16
7.215523e-02  6.107076e-16
7.400673e-02  6.291392e-16
7.590575e-02  6.481457e-16
7.613548e-02  6.504524e-16
7.785349e-02  6.656815e-16
7.985122e-02  6.834309e-16
8.190020e-02  7.016832e-16
8.214808e-02  7.038941e-16
8.400176e-02  7.176744e-16
8.615725e-02  7.336872e-16
8.836805e-02  7.501008e-16
8.863550e-02  7.520857e-16
9.063558e-02  7.639377e-16
9.296129e-02  7.776563e-16
9.534668e-02  7.917013e-16
9.563525e-02  7.933976e-16
9.779328e-02  8.025169e-16
1.003027e-01  8.130736e-16
1.028764e-01  8.238573e-16
1.031878e-01  8.251589e-16
1.055162e-01  8.310736e-16
1.082238e-01  8.379509e-16
1.110008e-01  8.450207e-16
1.113368e-01  8.458776e-16
1.138491e-01  8.480684e-16
1.167705e-01  8.507083e-16
1.197668e-01  8.535287e-16
1.201293e-01  8.538775e-16
1.228400e-01  8.520016e-16
1.259921e-01  8.501084e-16
1.292251e-01  8.484762e-16
1.296162e-01  8.482978e-16
1.325410e-01  8.424244e-16
1.359420e-01  8.361302e-16
1.394303e-01  8.302225e-16
1.398523e-01  8.295374e-16
1.430081e-01  8.197771e-16
1.466776e-01  8.093365e-16
1.504414e-01  7.995290e-16
1.508967e-01  7.983968e-16
1.543017e-01  7.854419e-16
1.582611e-01  7.716034e-16
1.623221e-01  7.586357e-16
1.628134e-01  7.571599e-16
1.664873e-01  7.419709e-16
1.707594e-01  7.258748e-16
1.751411e-01  7.110673e-16
1.756711e-01  7.093778e-16
1.796352e-01  6.928372e-16
1.842446e-01  6.755556e-16
1.889724e-01  6.599883e-16
1.895443e-01  6.582274e-16
1.938214e-01  6.418065e-16
1.987949e-01  6.249885e-16
2.038959e-01  6.102571e-16
2.045130e-01  6.086188e-16
2.091279e-01  5.935793e-16
2.144941e-01  5.787899e-16
2.199981e-01  5.663121e-16
2.206639e-01  5.649607e-16
2.256432e-01  5.526488e-16
2.314332e-01  5.412149e-16
2.373718e-01  5.322036e-16
2.380902e-01  5.312875e-16
2.434628e-01  5.229116e-16
2.497101e-01  5.159407e-16
2.561176e-01  5.116118e-16
2.568928e-01  5.112510e-16
2.626896e-01  5.073408e-16
2.694302e-01  5.055913e-16
2.763438e-01  5.065169e-16
2.771802e-01  5.067692e-16
2.834348e-01  5.081448e-16
2.907078e-01  5.122174e-16
2.981673e-01  5.188613e-16
2.990698e-01  5.197707e-16
3.058183e-01  5.261421e-16
3.136656e-01  5.360307e-16
3.217143e-01  5.486516e-16
3.226880e-01  5.502793e-16
3.299695e-01  5.625931e-16
3.384365e-01  5.786760e-16
3.471208e-01  5.963301e-16
3.481714e-01  5.986068e-16
3.560280e-01  6.156551e-16
3.651636e-01  6.371943e-16
3.745338e-01  6.598477e-16
3.756673e-01  6.627073e-16
3.841443e-01  6.843787e-16
3.940015e-01  7.108835e-16
4.041116e-01  7.387619e-16
4.053346e-01  7.421668e-16
4.144811e-01  7.678903e-16
4.251167e-01  7.983987e-16
4.360252e-01  8.303353e-16
4.373448e-01  8.342055e-16
4.472136e-01  8.634167e-16
4.586891e-01  8.973281e-16
4.704591e-01  9.322035e-16
4.718830e-01  9.364010e-16
4.825311e-01  9.680242e-16
4.949129e-01  1.004831e-15
5.076123e-01  1.042323e-15
5.091486e-01  1.046806e-15
5.206377e-01  1.080512e-15
5.339973e-01  1.119230e-15
5.476997e-01  1.158073e-15
5.493573e-01  1.162690e-15
5.617536e-01  1.197326e-15
5.761683e-01  1.237095e-15
5.909528e-01  1.276976e-15
5.927413e-01  1.281655e-15
6.061166e-01  1.316641e-15
6.216696e-01  1.356338e-15
6.376217e-01  1.396160e-15
6.395515e-01  1.400803e-15
6.539831e-01  1.435564e-15
6.707643e-01  1.474828e-15
6.879761e-01  1.512893e-15
6.900583e-01  1.517331e-15
7.056296e-01  1.550505e-15
7.237361e-01  1.587132e-15
7.423072e-01  1.622766e-15
7.445538e-01  1.626925e-15
7.613548e-01  1.657971e-15
7.808912e-01  1.691899e-15
8.009289e-01  1.724137e-15
8.033530e-01  1.727656e-15
8.214808e-01  1.753862e-15
8.425600e-01  1.783055e-15
8.641801e-01  1.809560e-15
8.667956e-01  1.812627e-15
8.863550e-01  1.835437e-15
9.090989e-01  1.859539e-15
9.324264e-01  1.882466e-15
9.352484e-01  1.884879e-15
9.563525e-01  1.902789e-15
9.808925e-01  1.920762e-15
1.006062e+00  1.936692e-15
1.009107e+00  1.938359e-15
1.031878e+00  1.950709e-15
1.058356e+00  1.961974e-15
1.085513e+00  1.971373e-15
1.088799e+00  1.972249e-15
1.113368e+00  1.978726e-15
1.141937e+00  1.983236e-15
1.171239e+00  1.986483e-15
1.174784e+00  1.986657e-15
1.201293e+00  1.987940e-15
1.232118e+00  1.986976e-15
1.263734e+00  1.984587e-15
1.267559e+00  1.984000e-15
1.296162e+00  1.979673e-15
1.329421e+00  1.973272e-15
1.363534e+00  1.965255e-15
1.367661e+00  1.964086e-15
1.398523e+00  1.955476e-15
1.434409e+00  1.944713e-15
1.471216e+00  1.932214e-15
1.475668e+00  1.930612e-15
1.508967e+00  1.918826e-15
1.547687e+00  1.904627e-15
1.587401e+00  1.889431e-15
1.592205e+00  1.887528e-15
1.628134e+00  1.873534e-15
1.669912e+00  1.856906e-15
1.712762e+00  1.839802e-15
1.717946e+00  1.837691e-15
1.756711e+00  1.822179e-15
1.801789e+00  1.804322e-15
1.848023e+00  1.786384e-15
1.895443e+00  1.768036e-15
1.944080e+00  1.749540e-15
1.993965e+00  1.730782e-15
2.045130e+00  1.711986e-15
2.097608e+00  1.692175e-15
2.151433e+00  1.673181e-15
2.206639e+00  1.653981e-15
2.263261e+00  1.634510e-15
2.321337e+00  1.614975e-15
2.380902e+00  1.594975e-15
2.441996e+00  1.574522e-15
2.504658e+00  1.553580e-15
2.568928e+00  1.532090e-15
2.634847e+00  1.509911e-15
2.702457e+00  1.486910e-15
2.771802e+00  1.462995e-15
2.842926e+00  1.438045e-15
2.915876e+00  1.411989e-15
2.990698e+00  1.385107e-15
3.067439e+00  1.358557e-15
3.146150e+00  1.332448e-15
3.226880e+00  1.306687e-15
3.309682e+00  1.281339e-15
3.394608e+00  1.256408e-15
3.481714e+00  1.231893e-15
3.571055e+00  1.207895e-15
3.662688e+00  1.184434e-15
3.756673e+00  1.161575e-15
3.853069e+00  1.139379e-15
3.951939e+00  1.117902e-15
4.053346e+00  1.097256e-15
4.157355e+00  1.077475e-15
4.264033e+00  1.058659e-15
4.373448e+00  1.040894e-15
4.485671e+00  1.024221e-15
4.600774e+00  1.008720e-15
4.718830e+00  9.944560e-16
4.839915e+00  9.814782e-16
4.964107e+00  9.698578e-16
5.091486e+00  9.592566e-16
5.222134e+00  9.500785e-16
5.356134e+00  9.423659e-16
5.493573e+00  9.361225e-16
5.634538e+00  9.314522e-16
5.779121e+00  9.275912e-16
5.927413e+00  9.219901e-16
6.079511e+00  9.143376e-16
6.235511e+00  9.045055e-16
6.395515e+00  8.924013e-16
6.559624e+00  8.779520e-16
6.727944e+00  8.610195e-16
6.900583e+00  8.415237e-16
7.077652e+00  8.193970e-16
7.259265e+00  7.945138e-16
7.445538e+00  7.668282e-16
7.636591e+00  7.377019e-16
7.832546e+00  7.077389e-16
8.033530e+00  6.769655e-16
8.239670e+00  6.454542e-16
8.451100e+00  6.131610e-16
8.667956e+00  5.802230e-16
8.890376e+00  5.467161e-16
9.118503e+00  5.126862e-16
9.352484e+00  4.782829e-16
9.592470e+00  4.435587e-16
9.838613e+00  4.087565e-16
1.009107e+01  3.738570e-16
1.035001e+01  3.389444e-16
1.061559e+01  3.042627e-16
1.088799e+01  2.700500e-16
1.116737e+01  2.358915e-16
1.145393e+01  2.028699e-16
1.174784e+01  1.698363e-16
1.204929e+01  1.385669e-16
1.235847e+01  1.072609e-16
1.267559e+01  7.758268e-17
1.300085e+01  4.869895e-17
1.333445e+01  1.970165e-17
1.367661e+01  3.262399e-68
1.402755e+01  3.346112e-68
1.438750e+01  3.431974e-68
1.475668e+01  3.520038e-68
1.513534e+01  3.610362e-68
1.552372e+01  3.703005e-68
1.592205e+01  3.798024e-68
1.633061e+01  3.895481e-68
1.674966e+01  3.995439e-68
1.717946e+01  4.097962e-68
1.762028e+01  4.203116e-68
1.807242e+01  4.310968e-68
1.853616e+01  4.421588e-68
