1.000000e-03  1.863111e-17
1.078972e-03  2.642060e-17
1.164181e-03  3.635400e-17
1.256119e-03  4.598915e-17
1.355318e-03  5.637854e-17
1.462351e-03  6.903032e-17
1.577836e-03  8.439171e-17
1.702441e-03  1.029494e-16
1.836887e-03  1.252371e-16
1.981950e-03  1.519476e-16
2.138469e-03  1.837604e-16
2.307349e-03  2.216290e-16
2.489566e-03  2.660588e-16
2.686173e-03  3.184878e-16
2.898306e-03  3.794743e-16
3.127192e-03  4.500231e-16
3.374153e-03  5.309813e-16
3.640618e-03  6.233088e-16
3.928126e-03  7.269528e-16
4.238339e-03  8.420748e-16
4.573051e-03  9.694489e-16
4.934195e-03  1.106143e-15
5.323860e-03  1.252248e-15
5.744297e-03  1.404387e-15
6.197938e-03  1.559478e-15
6.687403e-03  1.713147e-15
7.215523e-03  1.860254e-15
7.785349e-03  1.995234e-15
8.400176e-03  2.109667e-15
9.063558e-03  2.200447e-15
9.779328e-03  2.258724e-15
1.000000e-02  2.264939e-15
1.025660e-02  2.272016e-15
1.051979e-02  2.279116e-15
1.055162e-02  2.279964e-15
1.078972e-02  2.274348e-15
1.106659e-02  2.267988e-15
1.135056e-02  2.261646e-15
1.138491e-02  2.260891e-15
1.164181e-02  2.243002e-15
1.194054e-02  2.222861e-15
1.224694e-02  2.202900e-15
1.228400e-02  2.200532e-15
1.256119e-02  2.170106e-15
1.288351e-02  2.136069e-15
1.321411e-02  2.102565e-15
1.325410e-02  2.098604e-15
1.355318e-02  2.056912e-15
1.390095e-02  2.010577e-15
1.425765e-02  1.965286e-15
1.430081e-02  1.959951e-15
1.462351e-02  1.908503e-15
1.499875e-02  1.851723e-15
1.538361e-02  1.796633e-15
1.543017e-02  1.790172e-15
1.577836e-02  1.731484e-15
1.618323e-02  1.667178e-15
1.659849e-02  1.605260e-15
1.664873e-02  1.598029e-15
1.702441e-02  1.535032e-15
1.746126e-02  1.466508e-15
1.790931e-02  1.401044e-15
1.796352e-02  1.393433e-15
1.836887e-02  1.329624e-15
1.884021e-02  1.260710e-15
1.932365e-02  1.195368e-15
1.938214e-02  1.187803e-15
1.981950e-02  1.125637e-15
2.032807e-02  1.058987e-15
2.084969e-02  9.962842e-16
2.091279e-02  9.890579e-16
2.138469e-02  9.325631e-16
2.193342e-02  8.723202e-16
2.249624e-02  8.159696e-16
2.256432e-02  8.094968e-16
2.307349e-02  7.594310e-16
2.366556e-02  7.063300e-16
2.427282e-02  6.569450e-16
2.434628e-02  6.512903e-16
2.489566e-02  6.099770e-16
2.553448e-02  5.662402e-16
2.618970e-02  5.256431e-16
2.626896e-02  5.210002e-16
2.686173e-02  4.893795e-16
2.755100e-02  4.558015e-16
2.825796e-02  4.245342e-16
2.834348e-02  4.209516e-16
2.898306e-02  3.979051e-16
2.972676e-02  3.732741e-16
3.048955e-02  3.501759e-16
3.058183e-02  3.475188e-16
3.127192e-02  3.327631e-16
3.207436e-02  3.167815e-16
3.289738e-02  3.015784e-16
3.299695e-02  2.998153e-16
3.374153e-02  2.920644e-16
3.460734e-02  2.835201e-16
3.549537e-02  2.752458e-16
3.560280e-02  2.742755e-16
3.640618e-02  2.722221e-16
3.734036e-02  2.699231e-16
3.829852e-02  2.676596e-16
3.841443e-02  2.673925e-16
3.928126e-02  2.696022e-16
4.028922e-02  2.721382e-16
4.132304e-02  2.747138e-16
4.144811e-02  2.750244e-16
4.238339e-02  2.807872e-16
4.347095e-02  2.874786e-16
4.458642e-02  2.943416e-16
4.472136e-02  2.951718e-16
4.573051e-02  3.036135e-16
4.690395e-02  3.135108e-16
4.810751e-02  3.237302e-16
4.825311e-02  3.249716e-16
4.934195e-02  3.356246e-16
5.060807e-02  3.480876e-16
5.190667e-02  3.609623e-16
5.206377e-02  3.625296e-16
5.323860e-02  3.748886e-16
5.460470e-02  3.894374e-16
5.600586e-02  4.045585e-16
5.617536e-02  4.064010e-16
5.744297e-02  4.200917e-16
5.891696e-02  4.361999e-16
6.042877e-02  4.529364e-16
6.061166e-02  4.549753e-16
6.197938e-02  4.696344e-16
6.356977e-02  4.868612e-16
6.520097e-02  5.047236e-16
6.539831e-02  5.068978e-16
6.687403e-02  5.221722e-16
6.859002e-02  5.400929e-16
7.035004e-02  5.586417e-16
7.056296e-02  5.608964e-16
7.215523e-02  5.759914e-16
7.400673e-02  5.936384e-16
7.590575e-02  6.118508e-16
7.613548e-02  6.140616e-16
7.785349e-02  6.287681e-16
7.985122e-02  6.459079e-16
8.190020e-02  6.635411e-16
8.214808e-02  6.656789e-16
8.400176e-02  6.791363e-16
8.615725e-02  6.947712e-16
8.836805e-02  7.108043e-16
8.863550e-02  7.127444e-16
9.063558e-02  7.243283e-16
9.296129e-02  7.377449e-16
9.534668e-02  7.514691e-16
9.563525e-02  7.531267e-16
9.779328e-02  7.621979e-16
1.003027e-01  7.727167e-16
1.028764e-01  7.834572e-16
1.031878e-01  7.847503e-16
1.055162e-01  7.908028e-16
1.082238e-01  7.978518e-16
1.110008e-01  8.050973e-16
1.113368e-01  8.059738e-16
1.138491e-01  8.084438e-16
1.167705e-01  8.113671e-16
1.197668e-01  8.144675e-16
1.201293e-01  8.148529e-16
1.228400e-01  8.134325e-16
1.259921e-01  8.120018e-16
1.292251e-01  8.107801e-16
1.296162e-01  8.106559e-16
1.325410e-01  8.053946e-16
1.359420e-01  7.997527e-16
1.394303e-01  7.943881e-16
1.398523e-01  7.937710e-16
1.430081e-01  7.846430e-16
1.466776e-01  7.748983e-16
1.504414e-01  7.657283e-16
1.508967e-01  7.646626e-16
1.543017e-01  7.523737e-16
1.582611e-01  7.392730e-16
1.623221e-01  7.269949e-16
1.628134e-01  7.255907e-16
1.664873e-01  7.110680e-16
1.707594e-01  6.956575e-16
1.751411e-01  6.814599e-16
1.756711e-01  6.798399e-16
1.796352e-01  6.638383e-16
1.842446e-01  6.470100e-16
1.889724e-01  6.318068e-16
1.895443e-01  6.300967e-16
1.938214e-01  6.142576e-16
1.987949e-01  5.979196e-16
2.038959e-01  5.835222e-16
2.045130e-01  5.819192e-16
2.091279e-01  5.671492e-16
2.144941e-01  5.524737e-16
2.199981e-01  5.401121e-16
2.206639e-01  5.387665e-16
2.256432e-01  5.264583e-16
2.314332e-01  5.147691e-16
2.373718e-01  5.055268e-16
2.380902e-01  5.045720e-16
2.434628e-01  4.960354e-16
2.497101e-01  4.887745e-16
2.561176e-01  4.840619e-16
2.568928e-01  4.836418e-16
2.626896e-01  4.792709e-16
2.694302e-01  4.769040e-16
2.763438e-01  4.769865e-16
2.771802e-01  4.771286e-16
2.834348e-01  4.775832e-16
2.907078e-01  4.808438e-16
2.981673e-01  4.864019e-16
2.990698e-01  4.871597e-16
3.058183e-01  4.924534e-16
3.136656e-01  5.011453e-16
3.217143e-01  5.124428e-16
3.226880e-01  5.139083e-16
3.299695e-01  5.249741e-16
3.384365e-01  5.395910e-16
3.471208e-01  5.558803e-16
3.481714e-01  5.579674e-16
3.560280e-01  5.735591e-16
3.651636e-01  5.931741e-16
3.745338e-01  6.142476e-16
3.756673e-01  6.169087e-16
3.841443e-01  6.370993e-16
3.940015e-01  6.616671e-16
4.041116e-01  6.875452e-16
4.053346e-01  6.907152e-16
4.144811e-01  7.146844e-16
4.251167e-01  7.434032e-16
4.360252e-01  7.731466e-16
4.373448e-01  7.767597e-16
4.472136e-01  8.040204e-16
4.586891e-01  8.359198e-16
4.704591e-01  8.686232e-16
4.718830e-01  8.725604e-16
4.825311e-01  9.022245e-16
4.949129e-01  9.368016e-16
5.076123e-01  9.720683e-16
5.091486e-01  9.762959e-16
5.206377e-01  1.008096e-15
5.339973e-01  1.044449e-15
5.476997e-01  1.081183e-15
5.493573e-01  1.085561e-15
5.617536e-01  1.118401e-15
5.761683e-01  1.155613e-15
5.909528e-01  1.193544e-15
5.927413e-01  1.197982e-15
6.061166e-01  1.231170e-15
6.216696e-01  1.268547e-15
6.376217e-01  1.306351e-15
6.395515e-01  1.310723e-15
6.539831e-01  1.343459e-15
6.707643e-01  1.381038e-15
6.879761e-01  1.417253e-15
6.900583e-01  1.421457e-15
7.056296e-01  1.452886e-15
7.237361e-01  1.487986e-15
7.423072e-01  1.521819e-15
7.445538e-01  1.525776e-15
7.613548e-01  1.555318e-15
7.808912e-01  1.587707e-15
8.009289e-01  1.618385e-15
8.033530e-01  1.621775e-15
8.214808e-01  1.647024e-15
8.425600e-01  1.674776e-15
8.641801e-01  1.700034e-15
8.667956e-01  1.703039e-15
8.863550e-01  1.725392e-15
9.090989e-01  1.748224e-15
9.324264e-01  1.769910e-15
9.352484e-01  1.772264e-15
9.563525e-01  1.789746e-15
9.808925e-01  1.807391e-15
1.006062e+00  1.822646e-15
1.009107e+00  1.824185e-15
1.031878e+00  1.835590e-15
1.058356e+00  1.847228e-15
1.085513e+00  1.857012e-15
1.088799e+00  1.857847e-15
1.113368e+00  1.864021e-15
1.141937e+00  1.868383e-15
1.171239e+00  1.871766e-15
1.174784e+00  1.871954e-15
1.201293e+00  1.873343e-15
1.232118e+00  1.872723e-15
1.263734e+00  1.870746e-15
1.267559e+00  1.870263e-15
1.296162e+00  1.866704e-15
1.329421e+00  1.860713e-15
1.363534e+00  1.853292e-15
1.367661e+00  1.852246e-15
1.398523e+00  1.844537e-15
1.434409e+00  1.834505e-15
1.471216e+00  1.822775e-15
1.475668e+00  1.821302e-15
1.508967e+00  1.810464e-15
1.547687e+00  1.797339e-15
1.587401e+00  1.783187e-15
1.592205e+00  1.781409e-15
1.628134e+00  1.768335e-15
1.669912e+00  1.752930e-15
1.712762e+00  1.737172e-15
1.717946e+00  1.735223e-15
1.756711e+00  1.720898e-15
1.801789e+00  1.704254e-15
1.848023e+00  1.687922e-15
1.895443e+00  1.671039e-15
1.944080e+00  1.653865e-15
1.993965e+00  1.636769e-15
2.045130e+00  1.619798e-15
2.097608e+00  1.601705e-15
2.151433e+00  1.584486e-15
2.206639e+00  1.567068e-15
2.263261e+00  1.549480e-15
2.321337e+00  1.531749e-15
2.380902e+00  1.513609e-15
2.441996e+00  1.495149e-15
2.504658e+00  1.476142e-15
2.568928e+00  1.456639e-15
2.634847e+00  1.436476e-15
2.702457e+00  1.415485e-15
2.771802e+00  1.393587e-15
2.842926e+00  1.370625e-15
2.915876e+00  1.346582e-15
2.990698e+00  1.321659e-15
3.067439e+00  1.296998e-15
3.146150e+00  1.272709e-15
3.226880e+00  1.248698e-15
3.309682e+00  1.225014e-15
3.394608e+00  1.201650e-15
3.481714e+00  1.178662e-15
3.571055e+00  1.156047e-15
3.662688e+00  1.133884e-15
3.756673e+00  1.112232e-15
3.853069e+00  1.091124e-15
3.951939e+00  1.070706e-15
4.053346e+00  1.051005e-15
4.157355e+00  1.032124e-15
4.264033e+00  1.014151e-15
4.373448e+00  9.971468e-16
4.485671e+00  9.812382e-16
4.600774e+00  9.664641e-16
4.718830e+00  9.528888e-16
4.839915e+00  9.406521e-16
4.964107e+00  9.297343e-16
5.091486e+00  9.202709e-16
5.222134e+00  9.119505e-16
5.356134e+00  9.050330e-16
5.493573e+00  8.997336e-16
5.634538e+00  8.959854e-16
5.779121e+00  8.930674e-16
5.927413e+00  8.885847e-16
6.079511e+00  8.820853e-16
6.235511e+00  8.735179e-16
6.395515e+00  8.625952e-16
6.559624e+00  8.495084e-16
6.727944e+00  8.340065e-16
6.900583e+00  8.160258e-16
7.077652e+00  7.951317e-16
7.259265e+00  7.718652e-16
7.445538e+00  7.458440e-16
7.636591e+00  7.179269e-16
7.832546e+00  6.896619e-16
8.033530e+00  6.606255e-16
8.239670e+00  6.308327e-16
8.451100e+00  5.995055e-16
8.667956e+00  5.682640e-16
8.890376e+00  5.364489e-16
9.118503e+00  5.040997e-16
9.352484e+00  4.701531e-16
9.592470e+00  4.369905e-16
9.838613e+00  4.036723e-16
1.009107e+01  3.687440e-16
1.035001e+01  3.352056e-16
1.061559e+01  3.017230e-16
1.088799e+01  2.687018e-16
1.116737e+01  2.340575e-16
1.145393e+01  2.016049e-16
1.174784e+01  1.703551e-16
1.204929e+01  1.391830e-16
1.235847e+01  1.072339e-16
1.267559e+01  7.783078e-17
1.300085e+01  4.988298e-17
1.333445e+01  2.051481e-17
1.367661e+01  3.101219e-68
1.402755e+01  3.180796e-68
1.438750e+01  3.262415e-68
1.475668e+01  3.346129e-68
1.513534e+01  3.431991e-68
1.552372e+01  3.520056e-68
1.592205e+01  3.610381e-68
1.633061e+01  3.703023e-68
1.674966e+01  3.798043e-68
1.717946e+01  3.895501e-68
1.762028e+01  3.995459e-68
1.807242e+01  4.097983e-68
1.853616e+01  4.203137e-68
