1.000000e-03  1.631827e-17
1.078972e-03  2.352580e-17
1.164181e-03  3.275701e-17
1.256119e-03  4.148817e-17
1.355318e-03  5.084740e-17
1.462351e-03  6.231226e-17
1.577836e-03  7.623131e-17
1.702441e-03  9.303089e-17
1.836887e-03  1.132560e-16
1.981950e-03  1.375029e-16
2.138469e-03  1.664049e-16
2.307349e-03  2.009328e-16
2.489566e-03  2.415019e-16
2.686173e-03  2.893531e-16
2.898306e-03  3.450122e-16
3.127192e-03  4.097201e-16
3.374153e-03  4.840843e-16
3.640618e-03  5.687723e-16
3.928126e-03  6.646282e-16
4.238339e-03  7.712306e-16
4.573051e-03  8.889012e-16
4.934195e-03  1.016163e-15
5.323860e-03  1.152958e-15
5.744297e-03  1.295153e-15
6.197938e-03  1.441597e-15
6.687403e-03  1.587066e-15
7.215523e-03  1.727114e-15
7.785349e-03  1.856610e-15
8.400176e-03  1.968300e-15
9.063558e-03  2.057918e-15
9.779328e-03  2.117117e-15
1.000000e-02  2.124622e-15
1.025660e-02  2.133175e-15
1.051979e-02  2.141764e-15
1.055162e-02  2.142790e-15
1.078972e-02  2.139047e-15
1.106659e-02  2.134806e-15
1.135056e-02  2.130572e-15
1.138491e-02  2.130068e-15
1.164181e-02  2.114549e-15
1.194054e-02  2.097065e-15
1.224694e-02  2.079725e-15
1.228400e-02  2.077667e-15
1.256119e-02  2.050487e-15
1.288351e-02  2.020057e-15
1.321411e-02  1.990078e-15
1.325410e-02  1.986532e-15
1.355318e-02  1.948242e-15
1.390095e-02  1.905660e-15
1.425765e-02  1.864009e-15
1.430081e-02  1.859101e-15
1.462351e-02  1.811419e-15
1.499875e-02  1.758759e-15
1.538361e-02  1.707632e-15
1.543017e-02  1.701634e-15
1.577836e-02  1.646883e-15
1.618323e-02  1.586852e-15
1.659849e-02  1.529009e-15
1.664873e-02  1.522251e-15
1.702441e-02  1.462846e-15
1.746126e-02  1.398200e-15
1.790931e-02  1.336413e-15
1.796352e-02  1.329227e-15
1.836887e-02  1.268931e-15
1.884021e-02  1.203779e-15
1.932365e-02  1.141972e-15
1.938214e-02  1.134814e-15
1.981950e-02  1.075668e-15
2.032807e-02  1.012240e-15
2.084969e-02  9.525530e-16
2.091279e-02  9.456733e-16
2.138469e-02  8.915164e-16
2.193342e-02  8.337762e-16
2.249624e-02  7.797756e-16
2.256432e-02  7.735734e-16
2.307349e-02  7.256755e-16
2.366556e-02  6.748775e-16
2.427282e-02  6.276372e-16
2.434628e-02  6.222284e-16
2.489566e-02  5.826324e-16
2.553448e-02  5.407223e-16
2.618970e-02  5.018305e-16
2.626896e-02  4.973831e-16
2.686173e-02  4.665434e-16
2.755100e-02  4.338429e-16
2.825796e-02  4.034411e-16
2.834348e-02  3.999608e-16
2.898306e-02  3.775239e-16
2.972676e-02  3.535763e-16
3.048955e-02  3.311584e-16
3.058183e-02  3.285818e-16
3.127192e-02  3.141221e-16
3.207436e-02  2.984818e-16
3.289738e-02  2.836352e-16
3.299695e-02  2.819147e-16
3.374153e-02  2.739585e-16
3.460734e-02  2.652119e-16
3.549537e-02  2.567596e-16
3.560280e-02  2.557701e-16
3.640618e-02  2.533826e-16
3.734036e-02  2.507162e-16
3.829852e-02  2.480932e-16
3.841443e-02  2.477825e-16
3.928126e-02  2.495261e-16
4.028922e-02  2.515400e-16
4.132304e-02  2.535838e-16
4.144811e-02  2.538286e-16
4.238339e-02  2.589056e-16
4.347095e-02  2.648129e-16
4.458642e-02  2.708678e-16
4.472136e-02  2.715987e-16
4.573051e-02  2.792762e-16
4.690395e-02  2.882774e-16
4.810751e-02  2.975685e-16
4.825311e-02  2.986982e-16
4.934195e-02  3.085042e-16
5.060807e-02  3.199626e-16
5.190667e-02  3.317983e-16
5.206377e-02  3.332395e-16
5.323860e-02  3.446635e-16
5.460470e-02  3.581109e-16
5.600586e-02  3.720863e-16
5.617536e-02  3.737901e-16
5.744297e-02  3.865829e-16
5.891696e-02  4.016408e-16
6.042877e-02  4.172914e-16
6.061166e-02  4.191990e-16
6.197938e-02  4.328966e-16
6.356977e-02  4.489986e-16
6.520097e-02  4.657048e-16
6.539831e-02  4.677386e-16
6.687403e-02  4.820718e-16
6.859002e-02  4.988925e-16
7.035004e-02  5.163159e-16
7.056296e-02  5.184344e-16
7.215523e-02  5.327919e-16
7.400673e-02  5.495874e-16
7.590575e-02  5.669376e-16
7.613548e-02  5.690439e-16
7.785349e-02  5.830358e-16
7.985122e-02  5.993584e-16
8.190020e-02  6.161614e-16
8.214808e-02  6.181973e-16
8.400176e-02  6.310439e-16
8.615725e-02  6.459940e-16
8.836805e-02  6.613321e-16
8.863550e-02  6.631873e-16
9.063558e-02  6.744470e-16
9.296129e-02  6.874878e-16
9.534668e-02  7.008560e-16
9.563525e-02  7.024700e-16
9.779328e-02  7.114219e-16
1.003027e-01  7.217891e-16
1.028764e-01  7.323724e-16
1.031878e-01  7.336505e-16
1.055162e-01  7.397778e-16
1.082238e-01  7.468810e-16
1.110008e-01  7.541532e-16
1.113368e-01  7.550346e-16
1.138491e-01  7.578155e-16
1.167705e-01  7.610902e-16
1.197668e-01  7.645270e-16
1.201293e-01  7.649463e-16
1.228400e-01  7.640517e-16
1.259921e-01  7.632459e-16
1.292251e-01  7.626079e-16
1.296162e-01  7.625492e-16
1.325410e-01  7.579407e-16
1.359420e-01  7.529756e-16
1.394303e-01  7.483412e-16
1.398523e-01  7.478024e-16
1.430081e-01  7.395487e-16
1.466776e-01  7.306762e-16
1.504414e-01  7.223608e-16
1.508967e-01  7.213977e-16
1.543017e-01  7.100171e-16
1.582611e-01  6.977703e-16
1.623221e-01  6.863281e-16
1.628134e-01  6.850162e-16
1.664873e-01  6.713446e-16
1.707594e-01  6.567905e-16
1.751411e-01  6.433746e-16
1.756711e-01  6.418346e-16
1.796352e-01  6.266974e-16
1.842446e-01  6.108206e-16
1.889724e-01  5.964160e-16
1.895443e-01  5.947789e-16
1.938214e-01  5.793805e-16
1.987949e-01  5.635304e-16
2.038959e-01  5.494773e-16
2.045130e-01  5.479132e-16
2.091279e-01  5.335915e-16
2.144941e-01  5.191979e-16
2.199981e-01  5.070372e-16
2.206639e-01  5.056931e-16
2.256432e-01  4.935384e-16
2.314332e-01  4.820062e-16
2.373718e-01  4.727098e-16
2.380902e-01  4.717374e-16
2.434628e-01  4.629824e-16
2.497101e-01  4.553472e-16
2.561176e-01  4.501260e-16
2.568928e-01  4.496286e-16
2.626896e-01  4.447113e-16
2.694302e-01  4.416450e-16
2.763438e-01  4.410521e-16
2.771802e-01  4.410737e-16
2.834348e-01  4.406972e-16
2.907078e-01  4.429910e-16
2.981673e-01  4.473140e-16
2.990698e-01  4.479331e-16
3.058183e-01  4.520807e-16
3.136656e-01  4.594784e-16
3.217143e-01  4.690980e-16
3.226880e-01  4.703766e-16
3.299695e-01  4.800435e-16
3.384365e-01  4.928884e-16
3.471208e-01  5.071696e-16
3.481714e-01  5.090638e-16
3.560280e-01  5.232476e-16
3.651636e-01  5.408250e-16
3.745338e-01  5.598073e-16
3.756673e-01  5.622148e-16
3.841443e-01  5.804977e-16
3.940015e-01  6.028228e-16
4.041116e-01  6.265257e-16
4.053346e-01  6.294099e-16
4.144811e-01  6.511870e-16
4.251167e-01  6.772523e-16
4.360252e-01  7.047683e-16
4.373448e-01  7.080544e-16
4.472136e-01  7.328676e-16
4.586891e-01  7.621579e-16
4.704591e-01  7.924132e-16
4.718830e-01  7.959981e-16
4.825311e-01  8.230144e-16
4.949129e-01  8.550069e-16
5.076123e-01  8.877369e-16
5.091486e-01  8.915988e-16
5.206377e-01  9.206342e-16
5.339973e-01  9.544969e-16
5.476997e-01  9.885897e-16
5.493573e-01  9.925829e-16
5.617536e-01  1.022544e-15
5.761683e-01  1.057502e-15
5.909528e-01  1.092519e-15
5.927413e-01  1.096611e-15
6.061166e-01  1.127201e-15
6.216696e-01  1.162090e-15
6.376217e-01  1.197435e-15
6.395515e-01  1.201497e-15
6.539831e-01  1.231923e-15
6.707643e-01  1.266915e-15
6.879761e-01  1.300764e-15
6.900583e-01  1.304700e-15
7.056296e-01  1.334136e-15
7.237361e-01  1.366902e-15
7.423072e-01  1.398486e-15
7.445538e-01  1.402168e-15
7.613548e-01  1.429661e-15
7.808912e-01  1.460478e-15
8.009289e-01  1.489512e-15
8.033530e-01  1.492631e-15
8.214808e-01  1.515862e-15
8.425600e-01  1.542525e-15
8.641801e-01  1.566000e-15
8.667956e-01  1.568831e-15
8.863550e-01  1.589895e-15
9.090989e-01  1.611726e-15
9.324264e-01  1.632432e-15
9.352484e-01  1.634684e-15
9.563525e-01  1.651409e-15
9.808925e-01  1.668126e-15
1.006062e+00  1.682396e-15
1.009107e+00  1.683981e-15
1.031878e+00  1.695728e-15
1.058356e+00  1.706902e-15
1.085513e+00  1.715331e-15
1.088799e+00  1.716231e-15
1.113368e+00  1.722888e-15
1.141937e+00  1.727331e-15
1.171239e+00  1.730651e-15
1.174784e+00  1.730896e-15
1.201293e+00  1.732706e-15
1.232118e+00  1.732538e-15
1.263734e+00  1.730948e-15
1.267559e+00  1.730511e-15
1.296162e+00  1.727285e-15
1.329421e+00  1.722171e-15
1.363534e+00  1.715680e-15
1.367661e+00  1.714705e-15
1.398523e+00  1.707520e-15
1.434409e+00  1.698626e-15
1.471216e+00  1.687959e-15
1.475668e+00  1.686626e-15
1.508967e+00  1.676817e-15
1.547687e+00  1.664711e-15
1.587401e+00  1.651936e-15
1.592205e+00  1.650332e-15
1.628134e+00  1.638535e-15
1.669912e+00  1.624437e-15
1.712762e+00  1.610128e-15
1.717946e+00  1.608361e-15
1.756711e+00  1.595378e-15
1.801789e+00  1.580264e-15
1.848023e+00  1.565605e-15
1.895443e+00  1.550412e-15
1.944080e+00  1.535094e-15
1.993965e+00  1.519902e-15
2.045130e+00  1.504478e-15
2.097608e+00  1.488590e-15
2.151433e+00  1.473360e-15
2.206639e+00  1.458017e-15
2.263261e+00  1.442542e-15
2.321337e+00  1.426988e-15
2.380902e+00  1.411095e-15
2.441996e+00  1.394837e-15
2.504658e+00  1.378151e-15
2.568928e+00  1.360984e-15
2.634847e+00  1.343159e-15
2.702457e+00  1.324539e-15
2.771802e+00  1.305019e-15
2.842926e+00  1.284478e-15
2.915876e+00  1.262805e-15
2.990698e+00  1.240256e-15
3.067439e+00  1.217893e-15
3.146150e+00  1.195851e-15
3.226880e+00  1.173984e-15
3.309682e+00  1.152359e-15
3.394608e+00  1.130967e-15
3.481714e+00  1.109818e-15
3.571055e+00  1.088954e-15
3.662688e+00  1.068432e-15
3.756673e+00  1.048291e-15
3.853069e+00  1.028602e-15
3.951939e+00  1.009482e-15
4.053346e+00  9.909834e-16
4.157355e+00  9.731974e-16
4.264033e+00  9.562491e-16
4.373448e+00  9.401960e-16
4.485671e+00  9.251823e-16
4.600774e+00  9.112484e-16
4.718830e+00  8.985325e-16
4.839915e+00  8.871097e-16
4.964107e+00  8.770360e-16
5.091486e+00  8.684079e-16
5.222134e+00  8.612864e-16
5.356134e+00  8.555374e-16
5.493573e+00  8.512016e-16
5.634538e+00  8.485106e-16
5.779121e+00  8.468104e-16
5.927413e+00  8.434723e-16
6.079511e+00  8.382972e-16
6.235511e+00  8.310334e-16
6.395515e+00  8.216201e-16
6.559624e+00  8.101028e-16
6.727944e+00  7.961055e-16
6.900583e+00  7.796207e-16
7.077652e+00  7.608575e-16
7.259265e+00  7.391470e-16
7.445538e+00  7.147340e-16
7.636591e+00  6.893373e-16
7.832546e+00  6.627048e-16
8.033530e+00  6.357900e-16
8.239670e+00  6.075244e-16
8.451100e+00  5.784647e-16
8.667956e+00  5.494422e-16
8.890376e+00  5.189117e-16
9.118503e+00  4.876475e-16
9.352484e+00  4.569301e-16
9.592470e+00  4.246750e-16
9.838613e+00  3.920194e-16
1.009107e+01  3.604974e-16
1.035001e+01  3.274255e-16
1.061559e+01  2.956452e-16
1.088799e+01  2.624766e-16
1.116737e+01  2.296156e-16
1.145393e+01  1.986683e-16
1.174784e+01  1.666108e-16
1.204929e+01  1.350653e-16
1.235847e+01  1.062199e-16
1.267559e+01  7.617962e-17
1.300085e+01  4.689063e-17
1.333445e+01  2.070832e-17
1.367661e+01  2.908211e-68
1.402755e+01  2.982836e-68
1.438750e+01  3.059375e-68
1.475668e+01  3.137879e-68
1.513534e+01  3.218397e-68
1.552372e+01  3.300981e-68
1.592205e+01  3.385685e-68
1.633061e+01  3.472561e-68
1.674966e+01  3.561667e-68
1.717946e+01  3.653060e-68
1.762028e+01  3.746798e-68
1.807242e+01  3.842940e-68
1.853616e+01  3.941550e-68
