1.000000e-03  1.207898e-17
1.078972e-03  1.794401e-17
1.164181e-03  2.571882e-17
1.256119e-03  3.288520e-17
1.355318e-03  4.032648e-17
1.462351e-03  4.947556e-17
1.577836e-03  6.057252e-17
1.702441e-03  7.403904e-17
1.836887e-03  9.020975e-17
1.981950e-03  1.097676e-16
2.138469e-03  1.330224e-16
2.307349e-03  1.608341e-16
2.489566e-03  1.936735e-16
2.686173e-03  2.324432e-16
2.898306e-03  2.778885e-16
3.127192e-03  3.307515e-16
3.374153e-03  3.918024e-16
3.640618e-03  4.615779e-16
3.928126e-03  5.407699e-16
4.238339e-03  6.294549e-16
4.573051e-03  7.279871e-16
4.934195e-03  8.353104e-16
5.323860e-03  9.512519e-16
5.744297e-03  1.072944e-15
6.197938e-03  1.199314e-15
6.687403e-03  1.325727e-15
7.215523e-03  1.449719e-15
7.785349e-03  1.565971e-15
8.400176e-03  1.668274e-15
9.063558e-03  1.753112e-15
9.779328e-03  1.812352e-15
1.000000e-02  1.821667e-15
1.025660e-02  1.832302e-15
1.051979e-02  1.842998e-15
1.055162e-02  1.844278e-15
1.078972e-02  1.843729e-15
1.106659e-02  1.843107e-15
1.135056e-02  1.842484e-15
1.138491e-02  1.842410e-15
1.164181e-02  1.831794e-15
1.194054e-02  1.819813e-15
1.224694e-02  1.807911e-15
1.228400e-02  1.806497e-15
1.256119e-02  1.785371e-15
1.288351e-02  1.761682e-15
1.321411e-02  1.738308e-15
1.325410e-02  1.735541e-15
1.355318e-02  1.704516e-15
1.390095e-02  1.669961e-15
1.425765e-02  1.636106e-15
1.430081e-02  1.632113e-15
1.462351e-02  1.592319e-15
1.499875e-02  1.548310e-15
1.538361e-02  1.505519e-15
1.543017e-02  1.500494e-15
1.577836e-02  1.454060e-15
1.618323e-02  1.403078e-15
1.659849e-02  1.353883e-15
1.664873e-02  1.348131e-15
1.702441e-02  1.296742e-15
1.746126e-02  1.240764e-15
1.790931e-02  1.187203e-15
1.796352e-02  1.180970e-15
1.836887e-02  1.128462e-15
1.884021e-02  1.071667e-15
1.932365e-02  1.017731e-15
1.938214e-02  1.011481e-15
1.981950e-02  9.593628e-16
2.032807e-02  9.034340e-16
2.084969e-02  8.507658e-16
2.091279e-02  8.446927e-16
2.138469e-02  7.964723e-16
2.193342e-02  7.450506e-16
2.249624e-02  6.969485e-16
2.256432e-02  6.914231e-16
2.307349e-02  6.487013e-16
2.366556e-02  6.033855e-16
2.427282e-02  5.612368e-16
2.434628e-02  5.564105e-16
2.489566e-02  5.203719e-16
2.553448e-02  4.822764e-16
2.618970e-02  4.469712e-16
2.626896e-02  4.429370e-16
2.686173e-02  4.147240e-16
2.755100e-02  3.848652e-16
2.825796e-02  3.571606e-16
2.834348e-02  3.539925e-16
2.898306e-02  3.330770e-16
2.972676e-02  3.108292e-16
3.048955e-02  2.900727e-16
3.058183e-02  2.876919e-16
3.127192e-02  2.739772e-16
3.207436e-02  2.592020e-16
3.289738e-02  2.452348e-16
3.299695e-02  2.436202e-16
3.374153e-02  2.357494e-16
3.460734e-02  2.271325e-16
3.549537e-02  2.188398e-16
3.560280e-02  2.178722e-16
3.640618e-02  2.149629e-16
3.734036e-02  2.117143e-16
3.829852e-02  2.085318e-16
3.841443e-02  2.081557e-16
3.928126e-02  2.089749e-16
4.028922e-02  2.099253e-16
4.132304e-02  2.108877e-16
4.144811e-02  2.110042e-16
4.238339e-02  2.148220e-16
4.347095e-02  2.192443e-16
4.458642e-02  2.237767e-16
4.472136e-02  2.243233e-16
4.573051e-02  2.304613e-16
4.690395e-02  2.376519e-16
4.810751e-02  2.450694e-16
4.825311e-02  2.459708e-16
4.934195e-02  2.540379e-16
5.060807e-02  2.634531e-16
5.190667e-02  2.731772e-16
5.206377e-02  2.743610e-16
5.323860e-02  2.838781e-16
5.460470e-02  2.950871e-16
5.600586e-02  3.067424e-16
5.617536e-02  3.081633e-16
5.744297e-02  3.189221e-16
5.891696e-02  3.315950e-16
6.042877e-02  3.447773e-16
6.061166e-02  3.463846e-16
6.197938e-02  3.580914e-16
6.356977e-02  3.718688e-16
6.520097e-02  3.861791e-16
6.539831e-02  3.879224e-16
6.687403e-02  4.002390e-16
6.859002e-02  4.147084e-16
7.035004e-02  4.297111e-16
7.056296e-02  4.315367e-16
7.215523e-02  4.440238e-16
7.400673e-02  4.586501e-16
7.590575e-02  4.737700e-16
7.613548e-02  4.756075e-16
7.785349e-02  4.879757e-16
7.985122e-02  5.024194e-16
8.190020e-02  5.173118e-16
8.214808e-02  5.191177e-16
8.400176e-02  5.305728e-16
8.615725e-02  5.439126e-16
8.836805e-02  5.576145e-16
8.863550e-02  5.592730e-16
9.063558e-02  5.695963e-16
9.296129e-02  5.815616e-16
9.534668e-02  5.938358e-16
9.563525e-02  5.953190e-16
9.779328e-02  6.036835e-16
1.003027e-01  6.133676e-16
1.028764e-01  6.232615e-16
1.031878e-01  6.244551e-16
1.055162e-01  6.305582e-16
1.082238e-01  6.376278e-16
1.110008e-01  6.448661e-16
1.113368e-01  6.457402e-16
1.138491e-01  6.489773e-16
1.167705e-01  6.527559e-16
1.197668e-01  6.566658e-16
1.201293e-01  6.571399e-16
1.228400e-01  6.571685e-16
1.259921e-01  6.573545e-16
1.292251e-01  6.576850e-16
1.296162e-01  6.577355e-16
1.325410e-01  6.545061e-16
1.359420e-01  6.510609e-16
1.394303e-01  6.478351e-16
1.398523e-01  6.474595e-16
1.430081e-01  6.408852e-16
1.466776e-01  6.338494e-16
1.504414e-01  6.271845e-16
1.508967e-01  6.264130e-16
1.543017e-01  6.169474e-16
1.582611e-01  6.067868e-16
1.623221e-01  5.971627e-16
1.628134e-01  5.960634e-16
1.664873e-01  5.843919e-16
1.707594e-01  5.719420e-16
1.751411e-01  5.603400e-16
1.756711e-01  5.590086e-16
1.796352e-01  5.457074e-16
1.842446e-01  5.316673e-16
1.889724e-01  5.188217e-16
1.895443e-01  5.173615e-16
1.938214e-01  5.036410e-16
1.987949e-01  4.893580e-16
2.038959e-01  4.766041e-16
2.045130e-01  4.751712e-16
2.091279e-01  4.620227e-16
2.144941e-01  4.488065e-16
2.199981e-01  4.372797e-16
2.206639e-01  4.360149e-16
2.256432e-01  4.245255e-16
2.314332e-01  4.133519e-16
2.373718e-01  4.041114e-16
2.380902e-01  4.031253e-16
2.434628e-01  3.944249e-16
2.497101e-01  3.865744e-16
2.561176e-01  3.806806e-16
2.568928e-01  3.801097e-16
2.626896e-01  3.746548e-16
2.694302e-01  3.704467e-16
2.763438e-01  3.684461e-16
2.771802e-01  3.683149e-16
2.834348e-01  3.668687e-16
2.907078e-01  3.671539e-16
2.981673e-01  3.694707e-16
2.990698e-01  3.698475e-16
3.058183e-01  3.721851e-16
3.136656e-01  3.768298e-16
3.217143e-01  3.837751e-16
3.226880e-01  3.847009e-16
3.299695e-01  3.916503e-16
3.384365e-01  4.013098e-16
3.471208e-01  4.121966e-16
3.481714e-01  4.136304e-16
3.560280e-01  4.244004e-16
3.651636e-01  4.383746e-16
3.745338e-01  4.532156e-16
3.756673e-01  4.551183e-16
3.841443e-01  4.694974e-16
3.940015e-01  4.873648e-16
4.041116e-01  5.063910e-16
4.053346e-01  5.087081e-16
4.144811e-01  5.262409e-16
4.251167e-01  5.474239e-16
4.360252e-01  5.698053e-16
4.373448e-01  5.725006e-16
4.472136e-01  5.928684e-16
4.586891e-01  6.167924e-16
4.704591e-01  6.415185e-16
4.718830e-01  6.444871e-16
4.825311e-01  6.668674e-16
4.949129e-01  6.932073e-16
5.076123e-01  7.200863e-16
5.091486e-01  7.233152e-16
5.206377e-01  7.476117e-16
5.339973e-01  7.755136e-16
5.476997e-01  8.037223e-16
5.493573e-01  8.070755e-16
5.617536e-01  8.322421e-16
5.761683e-01  8.614869e-16
5.909528e-01  8.906430e-16
5.927413e-01  8.940835e-16
6.061166e-01  9.198091e-16
6.216696e-01  9.491818e-16
6.376217e-01  9.787701e-16
6.395515e-01  9.822102e-16
6.539831e-01  1.007989e-15
6.707643e-01  1.037754e-15
6.879761e-01  1.066249e-15
6.900583e-01  1.069601e-15
7.056296e-01  1.094679e-15
7.237361e-01  1.122621e-15
7.423072e-01  1.149459e-15
7.445538e-01  1.152660e-15
7.613548e-01  1.176570e-15
7.808912e-01  1.202744e-15
8.009289e-01  1.227457e-15
8.033530e-01  1.230166e-15
8.214808e-01  1.250357e-15
8.425600e-01  1.273274e-15
8.641801e-01  1.293692e-15
8.667956e-01  1.296138e-15
8.863550e-01  1.314345e-15
9.090989e-01  1.333326e-15
9.324264e-01  1.351818e-15
9.352484e-01  1.353784e-15
9.563525e-01  1.368387e-15
9.808925e-01  1.382950e-15
1.006062e+00  1.396071e-15
1.009107e+00  1.397469e-15
1.031878e+00  1.407839e-15
1.058356e+00  1.417535e-15
1.085513e+00  1.425947e-15
1.088799e+00  1.426759e-15
1.113368e+00  1.432772e-15
1.141937e+00  1.436957e-15
1.171239e+00  1.440534e-15
1.174784e+00  1.440815e-15
1.201293e+00  1.442895e-15
1.232118e+00  1.443141e-15
1.263734e+00  1.442626e-15
1.267559e+00  1.442314e-15
1.296162e+00  1.440015e-15
1.329421e+00  1.436217e-15
1.363534e+00  1.431176e-15
1.367661e+00  1.430411e-15
1.398523e+00  1.424777e-15
1.434409e+00  1.417624e-15
1.471216e+00  1.409119e-15
1.475668e+00  1.408026e-15
1.508967e+00  1.399981e-15
1.547687e+00  1.390301e-15
1.587401e+00  1.379931e-15
1.592205e+00  1.378628e-15
1.628134e+00  1.369040e-15
1.669912e+00  1.357683e-15
1.712762e+00  1.346051e-15
1.717946e+00  1.344627e-15
1.756711e+00  1.334157e-15
1.801789e+00  1.322250e-15
1.848023e+00  1.310491e-15
1.895443e+00  1.298500e-15
1.944080e+00  1.286621e-15
1.993965e+00  1.274679e-15
2.045130e+00  1.263000e-15
2.097608e+00  1.250631e-15
2.151433e+00  1.239192e-15
2.206639e+00  1.227763e-15
2.263261e+00  1.216266e-15
2.321337e+00  1.204843e-15
2.380902e+00  1.193144e-15
2.441996e+00  1.181181e-15
2.504658e+00  1.168886e-15
2.568928e+00  1.156203e-15
2.634847e+00  1.142926e-15
2.702457e+00  1.128973e-15
2.771802e+00  1.114151e-15
2.842926e+00  1.098368e-15
2.915876e+00  1.081472e-15
2.990698e+00  1.063712e-15
3.067439e+00  1.046109e-15
3.146150e+00  1.028641e-15
3.226880e+00  1.011280e-15
3.309682e+00  9.940239e-16
3.394608e+00  9.767944e-16
3.481714e+00  9.596628e-16
3.571055e+00  9.426412e-16
3.662688e+00  9.256925e-16
3.756673e+00  9.089558e-16
3.853069e+00  8.924611e-16
3.951939e+00  8.762458e-16
4.053346e+00  8.604779e-16
4.157355e+00  8.452034e-16
4.264033e+00  8.305184e-16
4.373448e+00  8.166437e-16
4.485671e+00  8.035418e-16
4.600774e+00  7.914462e-16
4.718830e+00  7.804707e-16
4.839915e+00  7.706415e-16
4.964107e+00  7.621695e-16
5.091486e+00  7.551799e-16
5.222134e+00  7.496237e-16
5.356134e+00  7.457556e-16
5.493573e+00  7.436112e-16
5.634538e+00  7.432211e-16
5.779121e+00  7.436742e-16
5.927413e+00  7.426753e-16
6.079511e+00  7.399855e-16
6.235511e+00  7.355002e-16
6.395515e+00  7.291134e-16
6.559624e+00  7.206210e-16
6.727944e+00  7.100709e-16
6.900583e+00  6.971333e-16
7.077652e+00  6.819239e-16
7.259265e+00  6.641070e-16
7.445538e+00  6.438838e-16
7.636591e+00  6.221678e-16
7.832546e+00  6.000035e-16
8.033530e+00  5.767621e-16
8.239670e+00  5.531517e-16
8.451100e+00  5.283743e-16
8.667956e+00  5.033456e-16
8.890376e+00  4.770956e-16
9.118503e+00  4.507810e-16
9.352484e+00  4.230776e-16
9.592470e+00  3.955425e-16
9.838613e+00  3.666157e-16
1.009107e+01  3.382079e-16
1.035001e+01  3.083210e-16
1.061559e+01  2.793850e-16
1.088799e+01  2.490532e-16
1.116737e+01  2.201325e-16
1.145393e+01  1.895196e-16
1.174784e+01  1.605894e-16
1.204929e+01  1.306456e-16
1.235847e+01  1.027908e-16
1.267559e+01  7.349947e-17
1.300085e+01  4.715928e-17
1.333445e+01  1.910100e-17
1.367661e+01  2.529150e-68
1.402755e+01  2.594048e-68
1.438750e+01  2.660611e-68
1.475668e+01  2.728883e-68
1.513534e+01  2.798906e-68
1.552372e+01  2.870726e-68
1.592205e+01  2.944389e-68
1.633061e+01  3.019942e-68
1.674966e+01  3.097434e-68
1.717946e+01  3.176914e-68
1.762028e+01  3.258434e-68
1.807242e+01  3.342045e-68
1.853616e+01  3.427802e-68
