1.000000e-03  1.192698e-17
1.078972e-03  1.772490e-17
1.164181e-03  2.541548e-17
1.256119e-03  3.249790e-17
1.355318e-03  3.986078e-17
1.462351e-03  4.890425e-17
1.577836e-03  5.987183e-17
1.702441e-03  7.317362e-17
1.836887e-03  8.920819e-17
1.981950e-03  1.084967e-16
2.138469e-03  1.314925e-16
2.307349e-03  1.590216e-16
2.489566e-03  1.915205e-16
2.686173e-03  2.299001e-16
2.898306e-03  2.748353e-16
3.127192e-03  3.271615e-16
3.374153e-03  3.875879e-16
3.640618e-03  4.566493e-16
3.928126e-03  5.351402e-16
4.238339e-03  6.230359e-16
4.573051e-03  7.207252e-16
4.934195e-03  8.269441e-16
5.323860e-03  9.419689e-16
5.744297e-03  1.062625e-15
6.197938e-03  1.187888e-15
6.687403e-03  1.313521e-15
7.215523e-03  1.436735e-15
7.785349e-03  1.552071e-15
8.400176e-03  1.653846e-15
9.063558e-03  1.738301e-15
9.779328e-03  1.797651e-15
1.000000e-02  1.806974e-15
1.025660e-02  1.817617e-15
1.051979e-02  1.828324e-15
1.055162e-02  1.829605e-15
1.078972e-02  1.829199e-15
1.106659e-02  1.828738e-15
1.135056e-02  1.828277e-15
1.138491e-02  1.828222e-15
1.164181e-02  1.817821e-15
1.194054e-02  1.806084e-15
1.224694e-02  1.794422e-15
1.228400e-02  1.793036e-15
1.256119e-02  1.772204e-15
1.288351e-02  1.748844e-15
1.321411e-02  1.725792e-15
1.325410e-02  1.723063e-15
1.355318e-02  1.692373e-15
1.390095e-02  1.658189e-15
1.425765e-02  1.624694e-15
1.430081e-02  1.620744e-15
1.462351e-02  1.581349e-15
1.499875e-02  1.537778e-15
1.538361e-02  1.495409e-15
1.543017e-02  1.490434e-15
1.577836e-02  1.444321e-15
1.618323e-02  1.393691e-15
1.659849e-02  1.344835e-15
1.664873e-02  1.339123e-15
1.702441e-02  1.288213e-15
1.746126e-02  1.232749e-15
1.790931e-02  1.179675e-15
1.796352e-02  1.173498e-15
1.836887e-02  1.121344e-15
1.884021e-02  1.064932e-15
1.932365e-02  1.011357e-15
1.938214e-02  1.005149e-15
1.981950e-02  9.534445e-16
2.032807e-02  8.979543e-16
2.084969e-02  8.456936e-16
2.091279e-02  8.396671e-16
2.138469e-02  7.917509e-16
2.193342e-02  7.406523e-16
2.249624e-02  6.928515e-16
2.256432e-02  6.873605e-16
2.307349e-02  6.447821e-16
2.366556e-02  5.996268e-16
2.427282e-02  5.576349e-16
2.434628e-02  5.528271e-16
2.489566e-02  5.170605e-16
2.553448e-02  4.792489e-16
2.618970e-02  4.442043e-16
2.626896e-02  4.401996e-16
2.686173e-02  4.120398e-16
2.755100e-02  3.822466e-16
2.825796e-02  3.546120e-16
2.834348e-02  3.514525e-16
2.898306e-02  3.307015e-16
2.972676e-02  3.086278e-16
3.048955e-02  2.880325e-16
3.058183e-02  2.856701e-16
3.127192e-02  2.720121e-16
3.207436e-02  2.573004e-16
3.289738e-02  2.433952e-16
3.299695e-02  2.417879e-16
3.374153e-02  2.339231e-16
3.460734e-02  2.253143e-16
3.549537e-02  2.170349e-16
3.560280e-02  2.160682e-16
3.640618e-02  2.131469e-16
3.734036e-02  2.098924e-16
3.829852e-02  2.066964e-16
3.841443e-02  2.063198e-16
3.928126e-02  2.070957e-16
4.028922e-02  2.079866e-16
4.132304e-02  2.088994e-16
4.144811e-02  2.090087e-16
4.238339e-02  2.127695e-16
4.347095e-02  2.171374e-16
4.458642e-02  2.216008e-16
4.472136e-02  2.221405e-16
4.573051e-02  2.282128e-16
4.690395e-02  2.353202e-16
4.810751e-02  2.426498e-16
4.825311e-02  2.435407e-16
4.934195e-02  2.515240e-16
5.060807e-02  2.608412e-16
5.190667e-02  2.704632e-16
5.206377e-02  2.716346e-16
5.323860e-02  2.810580e-16
5.460470e-02  2.921559e-16
5.600586e-02  3.036966e-16
5.617536e-02  3.051035e-16
5.744297e-02  3.157743e-16
5.891696e-02  3.283428e-16
6.042877e-02  3.414169e-16
6.061166e-02  3.430116e-16
6.197938e-02  3.546149e-16
6.356977e-02  3.682664e-16
6.520097e-02  3.824483e-16
6.539831e-02  3.841760e-16
6.687403e-02  3.964025e-16
6.859002e-02  4.107657e-16
7.035004e-02  4.256604e-16
7.056296e-02  4.274729e-16
7.215523e-02  4.398732e-16
7.400673e-02  4.543989e-16
7.590575e-02  4.694179e-16
7.613548e-02  4.712427e-16
7.785349e-02  4.834990e-16
7.985122e-02  4.978149e-16
8.190020e-02  5.125749e-16
8.214808e-02  5.143648e-16
8.400176e-02  5.257806e-16
8.615725e-02  5.390721e-16
8.836805e-02  5.527310e-16
8.863550e-02  5.543841e-16
9.063558e-02  5.646422e-16
9.296129e-02  5.765317e-16
9.534668e-02  5.887287e-16
9.563525e-02  5.902030e-16
9.779328e-02  5.985518e-16
1.003027e-01  6.082122e-16
1.028764e-01  6.180852e-16
1.031878e-01  6.192760e-16
1.055162e-01  6.253438e-16
1.082238e-01  6.323807e-16
1.110008e-01  6.395761e-16
1.113368e-01  6.404446e-16
1.138491e-01  6.436931e-16
1.167705e-01  6.474934e-16
1.197668e-01  6.514212e-16
1.201293e-01  6.518969e-16
1.228400e-01  6.519705e-16
1.259921e-01  6.521994e-16
1.292251e-01  6.526003e-16
1.296162e-01  6.526554e-16
1.325410e-01  6.494738e-16
1.359420e-01  6.460933e-16
1.394303e-01  6.429278e-16
1.398523e-01  6.425591e-16
1.430081e-01  6.360501e-16
1.466776e-01  6.290780e-16
1.504414e-01  6.224789e-16
1.508967e-01  6.217150e-16
1.543017e-01  6.123467e-16
1.582611e-01  6.022891e-16
1.623221e-01  5.927495e-16
1.628134e-01  5.916582e-16
1.664873e-01  5.800568e-16
1.707594e-01  5.677462e-16
1.751411e-01  5.562114e-16
1.756711e-01  5.548899e-16
1.796352e-01  5.417224e-16
1.842446e-01  5.278310e-16
1.889724e-01  5.150937e-16
1.895443e-01  5.136448e-16
1.938214e-01  4.999601e-16
1.987949e-01  4.857538e-16
2.038959e-01  4.730312e-16
2.045130e-01  4.716044e-16
2.091279e-01  4.585560e-16
2.144941e-01  4.453881e-16
2.199981e-01  4.339511e-16
2.206639e-01  4.326924e-16
2.256432e-01  4.212817e-16
2.314332e-01  4.101872e-16
2.373718e-01  4.009570e-16
2.380902e-01  3.999796e-16
2.434628e-01  3.913083e-16
2.497101e-01  3.834097e-16
2.561176e-01  3.774698e-16
2.568928e-01  3.768998e-16
2.626896e-01  3.714493e-16
2.694302e-01  3.671793e-16
2.763438e-01  3.651161e-16
2.771802e-01  3.649778e-16
2.834348e-01  3.634890e-16
2.907078e-01  3.636991e-16
2.981673e-01  3.659799e-16
2.990698e-01  3.663380e-16
3.058183e-01  3.685306e-16
3.136656e-01  3.730627e-16
3.217143e-01  3.799044e-16
3.226880e-01  3.808162e-16
3.299695e-01  3.876781e-16
3.384365e-01  3.970416e-16
3.471208e-01  4.078260e-16
3.481714e-01  4.092357e-16
3.560280e-01  4.197935e-16
3.651636e-01  4.335799e-16
3.745338e-01  4.482624e-16
3.756673e-01  4.501370e-16
3.841443e-01  4.643271e-16
3.940015e-01  4.820230e-16
4.041116e-01  5.008438e-16
4.053346e-01  5.031311e-16
4.144811e-01  5.204326e-16
4.251167e-01  5.414276e-16
4.360252e-01  5.636105e-16
4.373448e-01  5.662647e-16
4.472136e-01  5.863153e-16
4.586891e-01  6.100243e-16
4.704591e-01  6.345587e-16
4.718830e-01  6.374820e-16
4.825311e-01  6.595249e-16
4.949129e-01  6.856318e-16
5.076123e-01  7.123507e-16
5.091486e-01  7.155352e-16
5.206377e-01  7.394934e-16
5.339973e-01  7.672456e-16
5.476997e-01  7.950227e-16
5.493573e-01  7.983656e-16
5.617536e-01  8.234594e-16
5.761683e-01  8.523187e-16
5.909528e-01  8.812105e-16
5.927413e-01  8.846155e-16
6.061166e-01  9.100759e-16
6.216696e-01  9.393110e-16
6.376217e-01  9.684918e-16
6.395515e-01  9.719097e-16
6.539831e-01  9.975236e-16
6.707643e-01  1.026975e-15
6.879761e-01  1.055282e-15
6.900583e-01  1.058605e-15
7.056296e-01  1.083468e-15
7.237361e-01  1.111309e-15
7.423072e-01  1.137698e-15
7.445538e-01  1.140876e-15
7.613548e-01  1.164618e-15
7.808912e-01  1.190672e-15
8.009289e-01  1.215086e-15
8.033530e-01  1.217786e-15
8.214808e-01  1.237913e-15
8.425600e-01  1.260587e-15
8.641801e-01  1.280800e-15
8.667956e-01  1.283236e-15
8.863550e-01  1.301371e-15
9.090989e-01  1.320234e-15
9.324264e-01  1.338552e-15
9.352484e-01  1.340507e-15
9.563525e-01  1.355030e-15
9.808925e-01  1.369344e-15
1.006062e+00  1.382514e-15
1.009107e+00  1.383909e-15
1.031878e+00  1.394257e-15
1.058356e+00  1.403630e-15
1.085513e+00  1.412208e-15
1.088799e+00  1.413032e-15
1.113368e+00  1.419134e-15
1.141937e+00  1.423209e-15
1.171239e+00  1.426748e-15
1.174784e+00  1.427036e-15
1.201293e+00  1.429163e-15
1.232118e+00  1.429415e-15
1.263734e+00  1.428925e-15
1.267559e+00  1.428626e-15
1.296162e+00  1.426424e-15
1.329421e+00  1.422589e-15
1.363534e+00  1.417696e-15
1.367661e+00  1.416924e-15
1.398523e+00  1.411234e-15
1.434409e+00  1.404267e-15
1.471216e+00  1.395920e-15
1.475668e+00  1.394833e-15
1.508967e+00  1.386835e-15
1.547687e+00  1.377258e-15
1.587401e+00  1.367010e-15
1.592205e+00  1.365720e-15
1.628134e+00  1.356235e-15
1.669912e+00  1.345011e-15
1.712762e+00  1.333507e-15
1.717946e+00  1.332099e-15
1.756711e+00  1.321750e-15
1.801789e+00  1.309981e-15
1.848023e+00  1.298322e-15
1.895443e+00  1.286492e-15
1.944080e+00  1.274774e-15
1.993965e+00  1.262973e-15
2.045130e+00  1.251465e-15
2.097608e+00  1.239236e-15
2.151433e+00  1.227953e-15
2.206639e+00  1.216684e-15
2.263261e+00  1.205373e-15
2.321337e+00  1.194129e-15
2.380902e+00  1.182615e-15
2.441996e+00  1.170826e-15
2.504658e+00  1.158757e-15
2.568928e+00  1.146244e-15
2.634847e+00  1.133163e-15
2.702457e+00  1.119442e-15
2.771802e+00  1.104820e-15
2.842926e+00  1.089240e-15
2.915876e+00  1.072577e-15
2.990698e+00  1.055025e-15
3.067439e+00  1.037631e-15
3.146150e+00  1.020363e-15
3.226880e+00  1.003220e-15
3.309682e+00  9.861858e-16
3.394608e+00  9.691181e-16
3.481714e+00  9.521719e-16
3.571055e+00  9.353717e-16
3.662688e+00  9.185659e-16
3.756673e+00  9.020035e-16
3.853069e+00  8.856816e-16
3.951939e+00  8.695835e-16
4.053346e+00  8.539601e-16
4.157355e+00  8.387888e-16
4.264033e+00  8.242348e-16
4.373448e+00  8.104618e-16
4.485671e+00  7.974468e-16
4.600774e+00  7.854171e-16
4.718830e+00  7.745595e-16
4.839915e+00  7.647808e-16
4.964107e+00  7.563832e-16
5.091486e+00  7.494819e-16
5.222134e+00  7.439815e-16
5.356134e+00  7.401675e-16
5.493573e+00  7.381036e-16
5.634538e+00  7.377756e-16
5.779121e+00  7.384012e-16
5.927413e+00  7.374867e-16
6.079511e+00  7.348767e-16
6.235511e+00  7.305526e-16
6.395515e+00  7.242393e-16
6.559624e+00  7.159623e-16
6.727944e+00  7.054895e-16
6.900583e+00  6.928425e-16
7.077652e+00  6.776726e-16
7.259265e+00  6.602462e-16
7.445538e+00  6.400240e-16
7.636591e+00  6.185162e-16
7.832546e+00  5.965621e-16
8.033530e+00  5.735330e-16
8.239670e+00  5.501639e-16
8.451100e+00  5.256494e-16
8.667956e+00  5.008595e-16
8.890376e+00  4.748556e-16
9.118503e+00  4.487946e-16
9.352484e+00  4.213994e-16
9.592470e+00  3.941463e-16
9.838613e+00  3.654452e-16
1.009107e+01  3.362343e-16
1.035001e+01  3.077664e-16
1.061559e+01  2.778278e-16
1.088799e+01  2.491001e-16
1.116737e+01  2.188859e-16
1.145393e+01  1.900236e-16
1.174784e+01  1.597776e-16
1.204929e+01  1.317750e-16
1.235847e+01  1.022716e-16
1.267559e+01  7.525417e-17
1.300085e+01  4.685957e-17
1.333445e+01  1.907433e-17
1.367661e+01  2.511805e-68
1.402755e+01  2.576258e-68
1.438750e+01  2.642365e-68
1.475668e+01  2.710168e-68
1.513534e+01  2.779711e-68
1.552372e+01  2.851038e-68
1.592205e+01  2.924196e-68
1.633061e+01  2.999231e-68
1.674966e+01  3.076191e-68
1.717946e+01  3.155126e-68
1.762028e+01  3.236087e-68
1.807242e+01  3.319125e-68
1.853616e+01  3.404294e-68
