1.000000e-03  8.547107e-18
1.078972e-03  1.323566e-17
1.164181e-03  1.959096e-17
1.256119e-03  2.525239e-17
1.355318e-03  3.104319e-17
1.462351e-03  3.803679e-17
1.577836e-03  4.673794e-17
1.702441e-03  5.705595e-17
1.836887e-03  6.978350e-17
1.981950e-03  8.481245e-17
2.138469e-03  1.031638e-16
2.307349e-03  1.247072e-16
2.489566e-03  1.507166e-16
2.686173e-03  1.809383e-16
2.898306e-03  2.170961e-16
3.127192e-03  2.584939e-16
3.374153e-03  3.074626e-16
3.640618e-03  3.625183e-16
3.928126e-03  4.266967e-16
4.238339e-03  4.972603e-16
4.573051e-03  5.778465e-16
4.934195e-03  6.642308e-16
5.323860e-03  7.594932e-16
5.744297e-03  8.595934e-16
6.197938e-03  9.636919e-16
6.687403e-03  1.071214e-15
7.215523e-03  1.175171e-15
7.785349e-03  1.276505e-15
8.400176e-03  1.365498e-15
9.063558e-03  1.442964e-15
9.779328e-03  1.498764e-15
1.000000e-02  1.508779e-15
1.025660e-02  1.520231e-15
1.051979e-02  1.531770e-15
1.055162e-02  1.533152e-15
1.078972e-02  1.535013e-15
1.106659e-02  1.537128e-15
1.135056e-02  1.539246e-15
1.138491e-02  1.539499e-15
1.164181e-02  1.532822e-15
1.194054e-02  1.525277e-15
1.224694e-02  1.517768e-15
1.228400e-02  1.516875e-15
1.256119e-02  1.501516e-15
1.288351e-02  1.484266e-15
1.321411e-02  1.467214e-15
1.325410e-02  1.465193e-15
1.355318e-02  1.440774e-15
1.390095e-02  1.413540e-15
1.425765e-02  1.386822e-15
1.430081e-02  1.383668e-15
1.462351e-02  1.352112e-15
1.499875e-02  1.317153e-15
1.538361e-02  1.283100e-15
1.543017e-02  1.279097e-15
1.577836e-02  1.240591e-15
1.618323e-02  1.198275e-15
1.659849e-02  1.157401e-15
1.664873e-02  1.152620e-15
1.702441e-02  1.110484e-15
1.746126e-02  1.064506e-15
1.790931e-02  1.020432e-15
1.796352e-02  1.015298e-15
1.836887e-02  9.705728e-16
1.884021e-02  9.221748e-16
1.932365e-02  8.761897e-16
1.938214e-02  8.708597e-16
1.981950e-02  8.270652e-16
2.032807e-02  7.800032e-16
2.084969e-02  7.356192e-16
2.091279e-02  7.304970e-16
2.138469e-02  6.887342e-16
2.193342e-02  6.442026e-16
2.249624e-02  6.025496e-16
2.256432e-02  5.977653e-16
2.307349e-02  5.609635e-16
2.366556e-02  5.219173e-16
2.427282e-02  4.855896e-16
2.434628e-02  4.814292e-16
2.489566e-02  4.497862e-16
2.553448e-02  4.163729e-16
2.618970e-02  3.854428e-16
2.626896e-02  3.819108e-16
2.686173e-02  3.571318e-16
2.755100e-02  3.309429e-16
2.825796e-02  3.066763e-16
2.834348e-02  3.039037e-16
2.898306e-02  2.852581e-16
2.972676e-02  2.654734e-16
3.048955e-02  2.470655e-16
3.058183e-02  2.449571e-16
3.127192e-02  2.324037e-16
3.207436e-02  2.189325e-16
3.289738e-02  2.062499e-16
3.299695e-02  2.047874e-16
3.374153e-02  1.973261e-16
3.460734e-02  1.891922e-16
3.549537e-02  1.814008e-16
3.560280e-02  1.804940e-16
3.640618e-02  1.773315e-16
3.734036e-02  1.738144e-16
3.829852e-02  1.703806e-16
3.841443e-02  1.699760e-16
3.928126e-02  1.700477e-16
4.028922e-02  1.701420e-16
4.132304e-02  1.702446e-16
4.144811e-02  1.702579e-16
4.238339e-02  1.729820e-16
4.347095e-02  1.761387e-16
4.458642e-02  1.793579e-16
4.472136e-02  1.797471e-16
4.573051e-02  1.844174e-16
4.690395e-02  1.898693e-16
4.810751e-02  1.955002e-16
4.825311e-02  1.961824e-16
4.934195e-02  2.026143e-16
5.060807e-02  2.101286e-16
5.190667e-02  2.178799e-16
5.206377e-02  2.188234e-16
5.323860e-02  2.263920e-16
5.460470e-02  2.353064e-16
5.600586e-02  2.445732e-16
5.617536e-02  2.457030e-16
5.744297e-02  2.545495e-16
5.891696e-02  2.649795e-16
6.042877e-02  2.758443e-16
6.061166e-02  2.771694e-16
6.197938e-02  2.866740e-16
6.356977e-02  2.978702e-16
6.520097e-02  3.095022e-16
6.539831e-02  3.109198e-16
6.687403e-02  3.212667e-16
6.859002e-02  3.334396e-16
7.035004e-02  3.460826e-16
7.056296e-02  3.476220e-16
7.215523e-02  3.579773e-16
7.400673e-02  3.701209e-16
7.590575e-02  3.826807e-16
7.613548e-02  3.842079e-16
7.785349e-02  3.947937e-16
7.985122e-02  4.071749e-16
8.190020e-02  4.199570e-16
8.214808e-02  4.215086e-16
8.400176e-02  4.312895e-16
8.615725e-02  4.426898e-16
8.836805e-02  4.544117e-16
8.863550e-02  4.558313e-16
9.063558e-02  4.649471e-16
9.296129e-02  4.755209e-16
9.534668e-02  4.863803e-16
9.563525e-02  4.876938e-16
9.779328e-02  4.951752e-16
1.003027e-01  5.038393e-16
1.028764e-01  5.126959e-16
1.031878e-01  5.137644e-16
1.055162e-01  5.195089e-16
1.082238e-01  5.261609e-16
1.110008e-01  5.329519e-16
1.113368e-01  5.337746e-16
1.138491e-01  5.371483e-16
1.167705e-01  5.410429e-16
1.197668e-01  5.450568e-16
1.201293e-01  5.455422e-16
1.228400e-01  5.463104e-16
1.259921e-01  5.472912e-16
1.292251e-01  5.483797e-16
1.296162e-01  5.485182e-16
1.325410e-01  5.464430e-16
1.359420e-01  5.442411e-16
1.394303e-01  5.421898e-16
1.398523e-01  5.419534e-16
1.430081e-01  5.370781e-16
1.466776e-01  5.318070e-16
1.504414e-01  5.268725e-16
1.508967e-01  5.262957e-16
1.543017e-01  5.186936e-16
1.582611e-01  5.105287e-16
1.623221e-01  5.027528e-16
1.628134e-01  5.018634e-16
1.664873e-01  4.924162e-16
1.707594e-01  4.823091e-16
1.751411e-01  4.728421e-16
1.756711e-01  4.717539e-16
1.796352e-01  4.604437e-16
1.842446e-01  4.484011e-16
1.889724e-01  4.374248e-16
1.895443e-01  4.361576e-16
1.938214e-01  4.245163e-16
1.987949e-01  4.123700e-16
2.038959e-01  4.014474e-16
2.045130e-01  4.002141e-16
2.091279e-01  3.884656e-16
2.144941e-01  3.765374e-16
2.199981e-01  3.660480e-16
2.206639e-01  3.648807e-16
2.256432e-01  3.547181e-16
2.314332e-01  3.447598e-16
2.373718e-01  3.363156e-16
2.380902e-01  3.354080e-16
2.434628e-01  3.270283e-16
2.497101e-01  3.192014e-16
2.561176e-01  3.131471e-16
2.568928e-01  3.125161e-16
2.626896e-01  3.070290e-16
2.694302e-01  3.025973e-16
2.763438e-01  2.999460e-16
2.771802e-01  2.997073e-16
2.834348e-01  2.972198e-16
2.907078e-01  2.962134e-16
2.981673e-01  2.967981e-16
2.990698e-01  2.969558e-16
3.058183e-01  2.978608e-16
3.136656e-01  3.005789e-16
3.217143e-01  3.052853e-16
3.226880e-01  3.059186e-16
3.299695e-01  3.105349e-16
3.384365e-01  3.173838e-16
3.471208e-01  3.251118e-16
3.481714e-01  3.261680e-16
3.560280e-01  3.341335e-16
3.651636e-01  3.447417e-16
3.745338e-01  3.558173e-16
3.756673e-01  3.572747e-16
3.841443e-01  3.682688e-16
3.940015e-01  3.820786e-16
4.041116e-01  3.966954e-16
4.053346e-01  3.985121e-16
4.144811e-01  4.122953e-16
4.251167e-01  4.289371e-16
4.360252e-01  4.463993e-16
4.373448e-01  4.485528e-16
4.472136e-01  4.648124e-16
4.586891e-01  4.835297e-16
4.704591e-01  5.031551e-16
4.718830e-01  5.055084e-16
4.825311e-01  5.232777e-16
4.949129e-01  5.443735e-16
5.076123e-01  5.657641e-16
5.091486e-01  5.683608e-16
5.206377e-01  5.878971e-16
5.339973e-01  6.103956e-16
5.476997e-01  6.328319e-16
5.493573e-01  6.355579e-16
5.617536e-01  6.560320e-16
5.761683e-01  6.793682e-16
5.909528e-01  7.031218e-16
5.927413e-01  7.059110e-16
6.061166e-01  7.267618e-16
6.216696e-01  7.503872e-16
6.376217e-01  7.745917e-16
6.395515e-01  7.773861e-16
6.539831e-01  7.983343e-16
6.707643e-01  8.225771e-16
6.879761e-01  8.460483e-16
6.900583e-01  8.488124e-16
7.056296e-01  8.695039e-16
7.237361e-01  8.920596e-16
7.423072e-01  9.145879e-16
7.445538e-01  9.172269e-16
7.613548e-01  9.369508e-16
7.808912e-01  9.585967e-16
8.009289e-01  9.793568e-16
8.033530e-01  9.815996e-16
8.214808e-01  9.983201e-16
8.425600e-01  1.017012e-15
8.641801e-01  1.034379e-15
8.667956e-01  1.036401e-15
8.863550e-01  1.051451e-15
9.090989e-01  1.067436e-15
9.324264e-01  1.083167e-15
9.352484e-01  1.084820e-15
9.563525e-01  1.097105e-15
9.808925e-01  1.109766e-15
1.006062e+00  1.120868e-15
1.009107e+00  1.122095e-15
1.031878e+00  1.131199e-15
1.058356e+00  1.139511e-15
1.085513e+00  1.147173e-15
1.088799e+00  1.147855e-15
1.113368e+00  1.152904e-15
1.141937e+00  1.156954e-15
1.171239e+00  1.160305e-15
1.174784e+00  1.160572e-15
1.201293e+00  1.162547e-15
1.232118e+00  1.163376e-15
1.263734e+00  1.163181e-15
1.267559e+00  1.162982e-15
1.296162e+00  1.161516e-15
1.329421e+00  1.158755e-15
1.363534e+00  1.155121e-15
1.367661e+00  1.154524e-15
1.398523e+00  1.150123e-15
1.434409e+00  1.144587e-15
1.471216e+00  1.137889e-15
1.475668e+00  1.137031e-15
1.508967e+00  1.130716e-15
1.547687e+00  1.123065e-15
1.587401e+00  1.114839e-15
1.592205e+00  1.113809e-15
1.628134e+00  1.106235e-15
1.669912e+00  1.097255e-15
1.712762e+00  1.088019e-15
1.717946e+00  1.086915e-15
1.756711e+00  1.078796e-15
1.801789e+00  1.069305e-15
1.848023e+00  1.060336e-15
1.895443e+00  1.050956e-15
1.944080e+00  1.041954e-15
1.993965e+00  1.032785e-15
2.045130e+00  1.024129e-15
2.097608e+00  1.014726e-15
2.151433e+00  1.006399e-15
2.206639e+00  9.981092e-16
2.263261e+00  9.899487e-16
2.321337e+00  9.819299e-16
2.380902e+00  9.737565e-16
2.441996e+00  9.654589e-16
2.504658e+00  9.569238e-16
2.568928e+00  9.480352e-16
2.634847e+00  9.387296e-16
2.702457e+00  9.287864e-16
2.771802e+00  9.181270e-16
2.842926e+00  9.065713e-16
2.915876e+00  8.940095e-16
2.990698e+00  8.806146e-16
3.067439e+00  8.672789e-16
3.146150e+00  8.540644e-16
3.226880e+00  8.408768e-16
3.309682e+00  8.277127e-16
3.394608e+00  8.145437e-16
3.481714e+00  8.013322e-16
3.571055e+00  7.880706e-16
3.662688e+00  7.748159e-16
3.756673e+00  7.615459e-16
3.853069e+00  7.483483e-16
3.951939e+00  7.352690e-16
4.053346e+00  7.223812e-16
4.157355e+00  7.097773e-16
4.264033e+00  6.975747e-16
4.373448e+00  6.858737e-16
4.485671e+00  6.748560e-16
4.600774e+00  6.646021e-16
4.718830e+00  6.552763e-16
4.839915e+00  6.470103e-16
4.964107e+00  6.399505e-16
5.091486e+00  6.342287e-16
5.222134e+00  6.299925e-16
5.356134e+00  6.273617e-16
5.493573e+00  6.264600e-16
5.634538e+00  6.274158e-16
5.779121e+00  6.296126e-16
5.927413e+00  6.307329e-16
6.079511e+00  6.304748e-16
6.235511e+00  6.283578e-16
6.395515e+00  6.244743e-16
6.559624e+00  6.188197e-16
6.727944e+00  6.112683e-16
6.900583e+00  6.016279e-16
7.077652e+00  5.898982e-16
7.259265e+00  5.757881e-16
7.445538e+00  5.594365e-16
7.636591e+00  5.417978e-16
7.832546e+00  5.236914e-16
8.033530e+00  5.047731e-16
8.239670e+00  4.854356e-16
8.451100e+00  4.651683e-16
8.667956e+00  4.442166e-16
8.890376e+00  4.229812e-16
9.118503e+00  4.006588e-16
9.352484e+00  3.781769e-16
9.592470e+00  3.545164e-16
9.838613e+00  3.308925e-16
1.009107e+01  3.059586e-16
1.035001e+01  2.813145e-16
1.061559e+01  2.552975e-16
1.088799e+01  2.299046e-16
1.116737e+01  2.030889e-16
1.145393e+01  1.772482e-16
1.174784e+01  1.501253e-16
1.204929e+01  1.228893e-16
1.235847e+01  9.722388e-17
1.267559e+01  7.003805e-17
1.300085e+01  4.520096e-17
1.333445e+01  1.895071e-17
1.367661e+01  2.177847e-68
1.402755e+01  2.233731e-68
1.438750e+01  2.291048e-68
1.475668e+01  2.349837e-68
1.513534e+01  2.410134e-68
1.552372e+01  2.471978e-68
1.592205e+01  2.535409e-68
1.633061e+01  2.600468e-68
1.674966e+01  2.667196e-68
1.717946e+01  2.735636e-68
1.762028e+01  2.805832e-68
1.807242e+01  2.877830e-68
1.853616e+01  2.951675e-68
