1.000000e-03  8.022098e-18
1.078972e-03  1.254199e-17
1.164181e-03  1.865425e-17
1.256119e-03  2.409940e-17
1.355318e-03  2.956409e-17
1.462351e-03  3.629146e-17
1.577836e-03  4.451062e-17
1.702441e-03  5.445859e-17
1.836887e-03  6.646880e-17
1.981950e-03  8.096939e-17
2.138469e-03  9.830291e-17
2.307349e-03  1.191001e-16
2.489566e-03  1.436292e-16
2.686173e-03  1.728411e-16
2.898306e-03  2.069847e-16
3.127192e-03  2.470372e-16
3.374153e-03  2.933453e-16
3.640618e-03  3.467014e-16
3.928126e-03  4.075094e-16
4.238339e-03  4.758078e-16
4.573051e-03  5.525142e-16
4.934195e-03  6.361051e-16
5.323860e-03  7.276063e-16
5.744297e-03  8.241390e-16
6.197938e-03  9.254740e-16
6.687403e-03  1.028480e-15
7.215523e-03  1.130014e-15
7.785349e-03  1.227323e-15
8.400176e-03  1.314640e-15
9.063558e-03  1.389694e-15
9.779328e-03  1.445048e-15
1.000000e-02  1.454954e-15
1.025660e-02  1.466283e-15
1.051979e-02  1.477701e-15
1.055162e-02  1.479068e-15
1.078972e-02  1.481269e-15
1.106659e-02  1.483773e-15
1.135056e-02  1.486281e-15
1.138491e-02  1.486580e-15
1.164181e-02  1.480584e-15
1.194054e-02  1.473805e-15
1.224694e-02  1.467057e-15
1.228400e-02  1.466254e-15
1.256119e-02  1.451602e-15
1.288351e-02  1.435143e-15
1.321411e-02  1.418870e-15
1.325410e-02  1.416942e-15
1.355318e-02  1.393957e-15
1.390095e-02  1.368311e-15
1.425765e-02  1.343137e-15
1.430081e-02  1.340165e-15
1.462351e-02  1.309555e-15
1.499875e-02  1.275647e-15
1.538361e-02  1.242617e-15
1.543017e-02  1.238735e-15
1.577836e-02  1.202165e-15
1.618323e-02  1.161951e-15
1.659849e-02  1.123082e-15
1.664873e-02  1.118533e-15
1.702441e-02  1.077444e-15
1.746126e-02  1.032616e-15
1.790931e-02  9.896549e-16
1.796352e-02  9.846508e-16
1.836887e-02  9.419786e-16
1.884021e-02  8.957654e-16
1.932365e-02  8.518190e-16
1.938214e-02  8.467228e-16
1.981950e-02  8.038081e-16
2.032807e-02  7.577120e-16
2.084969e-02  7.142594e-16
2.091279e-02  7.092460e-16
2.138469e-02  6.692270e-16
2.193342e-02  6.265187e-16
2.249624e-02  5.865353e-16
2.256432e-02  5.819404e-16
2.307349e-02  5.457633e-16
2.366556e-02  5.074061e-16
2.427282e-02  4.717454e-16
2.434628e-02  4.676631e-16
2.489566e-02  4.371335e-16
2.553448e-02  4.048795e-16
2.618970e-02  3.750062e-16
2.626896e-02  3.715938e-16
2.686173e-02  3.471872e-16
2.755100e-02  3.214152e-16
2.825796e-02  2.975584e-16
2.834348e-02  2.948340e-16
2.898306e-02  2.766576e-16
2.972676e-02  2.573770e-16
3.048955e-02  2.394443e-16
3.058183e-02  2.373908e-16
3.127192e-02  2.250994e-16
3.207436e-02  2.119183e-16
3.289738e-02  1.995140e-16
3.299695e-02  1.980843e-16
3.374153e-02  1.906746e-16
3.460734e-02  1.826038e-16
3.549537e-02  1.748834e-16
3.560280e-02  1.739849e-16
3.640618e-02  1.708472e-16
3.734036e-02  1.673638e-16
3.829852e-02  1.639619e-16
3.841443e-02  1.635612e-16
3.928126e-02  1.635462e-16
4.028922e-02  1.635419e-16
4.132304e-02  1.635493e-16
4.144811e-02  1.635508e-16
4.238339e-02  1.660768e-16
4.347095e-02  1.689967e-16
4.458642e-02  1.719839e-16
4.472136e-02  1.723444e-16
4.573051e-02  1.768330e-16
4.690395e-02  1.820804e-16
4.810751e-02  1.874864e-16
4.825311e-02  1.881430e-16
4.934195e-02  1.942336e-16
5.060807e-02  2.013384e-16
5.190667e-02  2.086635e-16
5.206377e-02  2.095549e-16
5.323860e-02  2.168865e-16
5.460470e-02  2.255241e-16
5.600586e-02  2.345088e-16
5.617536e-02  2.356044e-16
5.744297e-02  2.440138e-16
5.891696e-02  2.539258e-16
6.042877e-02  2.642450e-16
6.061166e-02  2.655039e-16
6.197938e-02  2.747503e-16
6.356977e-02  2.856443e-16
6.520097e-02  2.969678e-16
6.539831e-02  2.983481e-16
6.687403e-02  3.082156e-16
6.859002e-02  3.198256e-16
7.035004e-02  3.318816e-16
7.056296e-02  3.333490e-16
7.215523e-02  3.434634e-16
7.400673e-02  3.553321e-16
7.590575e-02  3.676172e-16
7.613548e-02  3.691118e-16
7.785349e-02  3.792497e-16
7.985122e-02  3.910990e-16
8.190020e-02  4.033322e-16
8.214808e-02  4.048173e-16
8.400176e-02  4.143965e-16
8.615725e-02  4.255641e-16
8.836805e-02  4.370493e-16
8.863550e-02  4.384408e-16
9.063558e-02  4.472190e-16
9.296129e-02  4.574092e-16
9.534668e-02  4.678666e-16
9.563525e-02  4.691319e-16
9.779328e-02  4.765080e-16
1.003027e-01  4.850482e-16
1.028764e-01  4.937862e-16
1.031878e-01  4.948403e-16
1.055162e-01  5.004525e-16
1.082238e-01  5.069461e-16
1.110008e-01  5.135818e-16
1.113368e-01  5.143854e-16
1.138491e-01  5.177924e-16
1.167705e-01  5.217239e-16
1.197668e-01  5.257502e-16
1.201293e-01  5.262386e-16
1.228400e-01  5.270591e-16
1.259921e-01  5.280979e-16
1.292251e-01  5.292262e-16
1.296162e-01  5.293696e-16
1.325410e-01  5.275048e-16
1.359420e-01  5.255501e-16
1.394303e-01  5.237451e-16
1.398523e-01  5.235313e-16
1.430081e-01  5.188399e-16
1.466776e-01  5.138312e-16
1.504414e-01  5.091028e-16
1.508967e-01  5.085531e-16
1.543017e-01  5.013545e-16
1.582611e-01  4.935664e-16
1.623221e-01  4.862106e-16
1.628134e-01  4.853662e-16
1.664873e-01  4.761687e-16
1.707594e-01  4.662953e-16
1.751411e-01  4.570625e-16
1.756711e-01  4.559972e-16
1.796352e-01  4.451725e-16
1.842446e-01  4.336646e-16
1.889724e-01  4.231091e-16
1.895443e-01  4.219046e-16
1.938214e-01  4.105490e-16
1.987949e-01  3.986090e-16
2.038959e-01  3.878714e-16
2.045130e-01  3.866558e-16
2.091279e-01  3.753761e-16
2.144941e-01  3.639544e-16
2.199981e-01  3.538692e-16
2.206639e-01  3.527447e-16
2.256432e-01  3.426377e-16
2.314332e-01  3.327394e-16
2.373718e-01  3.243611e-16
2.380902e-01  3.234486e-16
2.434628e-01  3.153663e-16
2.497101e-01  3.077982e-16
2.561176e-01  3.018692e-16
2.568928e-01  3.012660e-16
2.626896e-01  2.957401e-16
2.694302e-01  2.910937e-16
2.763438e-01  2.881536e-16
2.771802e-01  2.879041e-16
2.834348e-01  2.855792e-16
2.907078e-01  2.845971e-16
2.981673e-01  2.850661e-16
2.990698e-01  2.851913e-16
3.058183e-01  2.856540e-16
3.136656e-01  2.881800e-16
3.217143e-01  2.924844e-16
3.226880e-01  2.930568e-16
3.299695e-01  2.973613e-16
3.384365e-01  3.037455e-16
3.471208e-01  3.111491e-16
3.481714e-01  3.121643e-16
3.560280e-01  3.197300e-16
3.651636e-01  3.296467e-16
3.745338e-01  3.401839e-16
3.756673e-01  3.415467e-16
3.841443e-01  3.518894e-16
3.940015e-01  3.650716e-16
4.041116e-01  3.790790e-16
4.053346e-01  3.808139e-16
4.144811e-01  3.939273e-16
4.251167e-01  4.097802e-16
4.360252e-01  4.265370e-16
4.373448e-01  4.285770e-16
4.472136e-01  4.440073e-16
4.586891e-01  4.620937e-16
4.704591e-01  4.808058e-16
4.718830e-01  4.830834e-16
4.825311e-01  5.002685e-16
4.949129e-01  5.203199e-16
5.076123e-01  5.408832e-16
5.091486e-01  5.433813e-16
5.206377e-01  5.621866e-16
5.339973e-01  5.836404e-16
5.476997e-01  6.052823e-16
5.493573e-01  6.078586e-16
5.617536e-01  6.271979e-16
5.761683e-01  6.497655e-16
5.909528e-01  6.725027e-16
5.927413e-01  6.751809e-16
6.061166e-01  6.952042e-16
6.216696e-01  7.179001e-16
6.376217e-01  7.413332e-16
6.395515e-01  7.440206e-16
6.539831e-01  7.641681e-16
6.707643e-01  7.874767e-16
6.879761e-01  8.100702e-16
6.900583e-01  8.127458e-16
7.056296e-01  8.327778e-16
7.237361e-01  8.544407e-16
7.423072e-01  8.761543e-16
7.445538e-01  8.786791e-16
7.613548e-01  8.975492e-16
7.808912e-01  9.187355e-16
8.009289e-01  9.383482e-16
8.033530e-01  9.405073e-16
8.214808e-01  9.566046e-16
8.425600e-01  9.747405e-16
8.641801e-01  9.914471e-16
8.667956e-01  9.934043e-16
8.863550e-01  1.007976e-15
9.090989e-01  1.023451e-15
9.324264e-01  1.038668e-15
9.352484e-01  1.040287e-15
9.563525e-01  1.052323e-15
9.808925e-01  1.064429e-15
1.006062e+00  1.075323e-15
1.009107e+00  1.076478e-15
1.031878e+00  1.085041e-15
1.058356e+00  1.093543e-15
1.085513e+00  1.100607e-15
1.088799e+00  1.101315e-15
1.113368e+00  1.106559e-15
1.141937e+00  1.110243e-15
1.171239e+00  1.113605e-15
1.174784e+00  1.113900e-15
1.201293e+00  1.116084e-15
1.232118e+00  1.116764e-15
1.263734e+00  1.116711e-15
1.267559e+00  1.116519e-15
1.296162e+00  1.115105e-15
1.329421e+00  1.112634e-15
1.363534e+00  1.109055e-15
1.367661e+00  1.108481e-15
1.398523e+00  1.104256e-15
1.434409e+00  1.099037e-15
1.471216e+00  1.092578e-15
1.475668e+00  1.091766e-15
1.508967e+00  1.085788e-15
1.547687e+00  1.078492e-15
1.587401e+00  1.070580e-15
1.592205e+00  1.069586e-15
1.628134e+00  1.062278e-15
1.669912e+00  1.053754e-15
1.712762e+00  1.044994e-15
1.717946e+00  1.043913e-15
1.756711e+00  1.035964e-15
1.801789e+00  1.026962e-15
1.848023e+00  1.018400e-15
1.895443e+00  1.009469e-15
1.944080e+00  1.000752e-15
1.993965e+00  9.921180e-16
2.045130e+00  9.839298e-16
2.097608e+00  9.750074e-16
2.151433e+00  9.671091e-16
2.206639e+00  9.593395e-16
2.263261e+00  9.516656e-16
2.321337e+00  9.441535e-16
2.380902e+00  9.365090e-16
2.441996e+00  9.287725e-16
2.504658e+00  9.207818e-16
2.568928e+00  9.124627e-16
2.634847e+00  9.037453e-16
2.702457e+00  8.944291e-16
2.771802e+00  8.844083e-16
2.842926e+00  8.735102e-16
2.915876e+00  8.616350e-16
2.990698e+00  8.489354e-16
3.067439e+00  8.363023e-16
3.146150e+00  8.237760e-16
3.226880e+00  8.112599e-16
3.309682e+00  7.987485e-16
3.394608e+00  7.862353e-16
3.481714e+00  7.736731e-16
3.571055e+00  7.610593e-16
3.662688e+00  7.483986e-16
3.756673e+00  7.356657e-16
3.853069e+00  7.229970e-16
3.951939e+00  7.104541e-16
4.053346e+00  6.980703e-16
4.157355e+00  6.859598e-16
4.264033e+00  6.742038e-16
4.373448e+00  6.629182e-16
4.485671e+00  6.522574e-16
4.600774e+00  6.423352e-16
4.718830e+00  6.332926e-16
4.839915e+00  6.252836e-16
4.964107e+00  6.184544e-16
5.091486e+00  6.129368e-16
5.222134e+00  6.088975e-16
5.356134e+00  6.064470e-16
5.493573e+00  6.056941e-16
5.634538e+00  6.067978e-16
5.779121e+00  6.091732e-16
5.927413e+00  6.105312e-16
6.079511e+00  6.105453e-16
6.235511e+00  6.089461e-16
6.395515e+00  6.054724e-16
6.559624e+00  6.002354e-16
6.727944e+00  5.931151e-16
6.900583e+00  5.840714e-16
7.077652e+00  5.728465e-16
7.259265e+00  5.593566e-16
7.445538e+00  5.435427e-16
7.636591e+00  5.267474e-16
7.832546e+00  5.091957e-16
8.033530e+00  4.910226e-16
8.239670e+00  4.724332e-16
8.451100e+00  4.529941e-16
8.667956e+00  4.328959e-16
8.890376e+00  4.121330e-16
9.118503e+00  3.911498e-16
9.352484e+00  3.690867e-16
9.592470e+00  3.463567e-16
9.838613e+00  3.229964e-16
1.009107e+01  2.997807e-16
1.035001e+01  2.752546e-16
1.061559e+01  2.501460e-16
1.088799e+01  2.246100e-16
1.116737e+01  1.998474e-16
1.145393e+01  1.737621e-16
1.174784e+01  1.474556e-16
1.204929e+01  1.211001e-16
1.235847e+01  9.599836e-17
1.267559e+01  6.986667e-17
1.300085e+01  4.393979e-17
1.333445e+01  1.811155e-17
1.367661e+01  2.120211e-68
1.402755e+01  2.174616e-68
1.438750e+01  2.230416e-68
1.475668e+01  2.287649e-68
1.513534e+01  2.346350e-68
1.552372e+01  2.406558e-68
1.592205e+01  2.468310e-68
1.633061e+01  2.531647e-68
1.674966e+01  2.596609e-68
1.717946e+01  2.663238e-68
1.762028e+01  2.731577e-68
1.807242e+01  2.801669e-68
1.853616e+01  2.873560e-68
