1.000000e-03  6.790906e-18
1.078972e-03  1.081433e-17
1.164181e-03  1.641272e-17
1.256119e-03  2.130095e-17
1.355318e-03  2.614063e-17
1.462351e-03  3.211627e-17
1.577836e-03  3.938147e-17
1.702441e-03  4.820972e-17
1.836887e-03  5.886826e-17
1.981950e-03  7.173923e-17
2.138469e-03  8.711890e-17
2.307349e-03  1.056636e-16
2.489566e-03  1.275317e-16
2.686173e-03  1.535295e-16
2.898306e-03  1.840223e-16
3.127192e-03  2.198352e-16
3.374153e-03  2.612301e-16
3.640618e-03  3.089786e-16
3.928126e-03  3.636131e-16
4.238339e-03  4.251197e-16
4.573051e-03  4.941072e-16
4.934195e-03  5.696700e-16
5.323860e-03  6.524238e-16
5.744297e-03  7.402522e-16
6.197938e-03  8.323596e-16
6.687403e-03  9.266822e-16
7.215523e-03  1.020130e-15
7.785349e-03  1.109777e-15
8.400176e-03  1.191123e-15
9.063558e-03  1.261553e-15
9.779328e-03  1.314616e-15
1.000000e-02  1.324404e-15
1.025660e-02  1.335605e-15
1.051979e-02  1.346902e-15
1.055162e-02  1.348255e-15
1.078972e-02  1.351063e-15
1.106659e-02  1.354259e-15
1.135056e-02  1.357462e-15
1.138491e-02  1.357845e-15
1.164181e-02  1.353209e-15
1.194054e-02  1.347964e-15
1.224694e-02  1.342740e-15
1.228400e-02  1.342118e-15
1.256119e-02  1.329555e-15
1.288351e-02  1.315433e-15
1.321411e-02  1.301461e-15
1.325410e-02  1.299805e-15
1.355318e-02  1.279463e-15
1.390095e-02  1.256752e-15
1.425765e-02  1.234444e-15
1.430081e-02  1.231809e-15
1.462351e-02  1.204384e-15
1.499875e-02  1.173985e-15
1.538361e-02  1.144353e-15
1.543017e-02  1.140869e-15
1.577836e-02  1.107775e-15
1.618323e-02  1.071362e-15
1.659849e-02  1.036146e-15
1.664873e-02  1.032023e-15
1.702441e-02  9.946731e-16
1.746126e-02  9.539005e-16
1.790931e-02  9.148001e-16
1.796352e-02  9.102441e-16
1.836887e-02  8.710944e-16
1.884021e-02  8.286805e-16
1.932365e-02  7.883313e-16
1.938214e-02  7.836513e-16
1.981950e-02  7.441798e-16
2.032807e-02  7.017673e-16
2.084969e-02  6.617720e-16
2.091279e-02  6.571565e-16
2.138469e-02  6.201977e-16
2.193342e-02  5.807472e-16
2.249624e-02  5.438055e-16
2.256432e-02  5.395596e-16
2.307349e-02  5.061136e-16
2.366556e-02  4.706445e-16
2.427282e-02  4.376621e-16
2.434628e-02  4.338858e-16
2.489566e-02  4.054470e-16
2.553448e-02  3.754106e-16
2.618970e-02  3.476000e-16
2.626896e-02  3.444238e-16
2.686173e-02  3.216192e-16
2.755100e-02  2.975526e-16
2.825796e-02  2.752886e-16
2.834348e-02  2.727470e-16
2.898306e-02  2.556799e-16
2.972676e-02  2.375955e-16
3.048955e-02  2.207929e-16
3.058183e-02  2.188700e-16
3.127192e-02  2.072564e-16
3.207436e-02  1.948202e-16
3.289738e-02  1.831348e-16
3.299695e-02  1.817889e-16
3.374153e-02  1.746725e-16
3.460734e-02  1.669353e-16
3.549537e-02  1.595497e-16
3.560280e-02  1.586912e-16
3.640618e-02  1.555536e-16
3.734036e-02  1.520738e-16
3.829852e-02  1.486811e-16
3.841443e-02  1.482824e-16
3.928126e-02  1.480493e-16
4.028922e-02  1.477912e-16
4.132304e-02  1.475439e-16
4.144811e-02  1.475151e-16
4.238339e-02  1.496427e-16
4.347095e-02  1.521087e-16
4.458642e-02  1.546212e-16
4.472136e-02  1.549242e-16
4.573051e-02  1.588737e-16
4.690395e-02  1.634887e-16
4.810751e-02  1.682538e-16
4.825311e-02  1.688311e-16
4.934195e-02  1.742567e-16
5.060807e-02  1.805831e-16
5.190667e-02  1.871024e-16
5.206377e-02  1.878958e-16
5.323860e-02  1.944880e-16
5.460470e-02  2.022547e-16
5.600586e-02  2.103344e-16
5.617536e-02  2.113195e-16
5.744297e-02  2.189203e-16
5.891696e-02  2.278845e-16
6.042877e-02  2.372180e-16
6.061166e-02  2.383567e-16
6.197938e-02  2.467314e-16
6.356977e-02  2.566023e-16
6.520097e-02  2.668688e-16
6.539831e-02  2.681202e-16
6.687403e-02  2.770914e-16
6.859002e-02  2.876484e-16
7.035004e-02  2.986157e-16
7.056296e-02  2.999517e-16
7.215523e-02  3.091926e-16
7.400673e-02  3.200362e-16
7.590575e-02  3.312631e-16
7.613548e-02  3.326290e-16
7.785349e-02  3.419465e-16
7.985122e-02  3.528532e-16
8.190020e-02  3.641141e-16
8.214808e-02  3.654811e-16
8.400176e-02  3.743038e-16
8.615725e-02  3.845986e-16
8.836805e-02  3.951887e-16
8.863550e-02  3.964721e-16
9.063558e-02  4.046312e-16
9.296129e-02  4.140992e-16
9.534668e-02  4.238275e-16
9.563525e-02  4.250045e-16
9.779328e-02  4.319400e-16
1.003027e-01  4.399743e-16
1.028764e-01  4.481924e-16
1.031878e-01  4.491845e-16
1.055162e-01  4.545271e-16
1.082238e-01  4.607070e-16
1.110008e-01  4.670293e-16
1.113368e-01  4.677930e-16
1.138491e-01  4.711547e-16
1.167705e-01  4.750367e-16
1.197668e-01  4.790180e-16
1.201293e-01  4.795013e-16
1.228400e-01  4.805269e-16
1.259921e-01  4.817557e-16
1.292251e-01  4.830809e-16
1.296162e-01  4.832478e-16
1.325410e-01  4.817922e-16
1.359420e-01  4.802645e-16
1.394303e-01  4.788322e-16
1.398523e-01  4.786672e-16
1.430081e-01  4.745924e-16
1.466776e-01  4.702462e-16
1.504414e-01  4.661469e-16
1.508967e-01  4.656638e-16
1.543017e-01  4.592299e-16
1.582611e-01  4.523295e-16
1.623221e-01  4.457592e-16
1.628134e-01  4.450056e-16
1.664873e-01  4.366608e-16
1.707594e-01  4.277072e-16
1.751411e-01  4.193416e-16
1.756711e-01  4.183737e-16
1.796352e-01  4.085221e-16
1.842446e-01  3.980005e-16
1.889724e-01  3.883639e-16
1.895443e-01  3.872580e-16
1.938214e-01  3.767866e-16
1.987949e-01  3.657638e-16
2.038959e-01  3.558329e-16
2.045130e-01  3.547066e-16
2.091279e-01  3.442208e-16
2.144941e-01  3.335330e-16
2.199981e-01  3.240940e-16
2.206639e-01  3.230389e-16
2.256432e-01  3.135619e-16
2.314332e-01  3.042536e-16
2.373718e-01  2.962384e-16
2.380902e-01  2.953682e-16
2.434628e-01  2.876662e-16
2.497101e-01  2.804707e-16
2.561176e-01  2.747038e-16
2.568928e-01  2.740973e-16
2.626896e-01  2.686017e-16
2.694302e-01  2.640304e-16
2.763438e-01  2.611113e-16
2.771802e-01  2.608220e-16
2.834348e-01  2.582115e-16
2.907078e-01  2.567152e-16
2.981673e-01  2.569275e-16
2.990698e-01  2.569977e-16
3.058183e-01  2.570573e-16
3.136656e-01  2.587645e-16
3.217143e-01  2.622730e-16
3.226880e-01  2.627620e-16
3.299695e-01  2.664511e-16
3.384365e-01  2.718400e-16
3.471208e-01  2.781068e-16
3.481714e-01  2.789798e-16
3.560280e-01  2.854543e-16
3.651636e-01  2.941263e-16
3.745338e-01  3.033358e-16
3.756673e-01  3.045435e-16
3.841443e-01  3.137187e-16
3.940015e-01  3.253561e-16
4.041116e-01  3.378967e-16
4.053346e-01  3.394193e-16
4.144811e-01  3.509253e-16
4.251167e-01  3.649424e-16
4.360252e-01  3.799330e-16
4.373448e-01  3.817685e-16
4.472136e-01  3.956592e-16
4.586891e-01  4.117516e-16
4.704591e-01  4.282937e-16
4.718830e-01  4.303298e-16
4.825311e-01  4.456975e-16
4.949129e-01  4.638389e-16
5.076123e-01  4.822298e-16
5.091486e-01  4.844657e-16
5.206377e-01  5.012983e-16
5.339973e-01  5.205304e-16
5.476997e-01  5.400695e-16
5.493573e-01  5.424154e-16
5.617536e-01  5.600327e-16
5.761683e-01  5.802251e-16
5.909528e-01  6.007528e-16
5.927413e-01  6.031638e-16
6.061166e-01  6.211841e-16
6.216696e-01  6.417592e-16
6.376217e-01  6.627447e-16
6.395515e-01  6.651976e-16
6.539831e-01  6.835928e-16
6.707643e-01  7.045445e-16
6.879761e-01  7.249119e-16
6.900583e-01  7.273491e-16
7.056296e-01  7.456007e-16
7.237361e-01  7.655755e-16
7.423072e-01  7.847264e-16
7.445538e-01  7.870448e-16
7.613548e-01  8.043773e-16
7.808912e-01  8.235994e-16
8.009289e-01  8.418147e-16
8.033530e-01  8.437380e-16
8.214808e-01  8.580760e-16
8.425600e-01  8.748711e-16
8.641801e-01  8.900664e-16
8.667956e-01  8.918653e-16
8.863550e-01  9.052615e-16
9.090989e-01  9.194959e-16
9.324264e-01  9.334185e-16
9.352484e-01  9.348939e-16
9.563525e-01  9.458605e-16
9.808925e-01  9.569244e-16
1.006062e+00  9.671079e-16
1.009107e+00  9.681896e-16
1.031878e+00  9.762142e-16
1.058356e+00  9.837339e-16
1.085513e+00  9.905200e-16
1.088799e+00  9.911824e-16
1.113368e+00  9.960863e-16
1.141937e+00  9.996965e-16
1.171239e+00  1.002819e-15
1.174784e+00  1.003072e-15
1.201293e+00  1.004945e-15
1.232118e+00  1.005937e-15
1.263734e+00  1.006212e-15
1.267559e+00  1.006039e-15
1.296162e+00  1.004765e-15
1.329421e+00  1.002450e-15
1.363534e+00  9.993767e-16
1.367661e+00  9.988804e-16
1.398523e+00  9.952231e-16
1.434409e+00  9.905618e-16
1.471216e+00  9.847655e-16
1.475668e+00  9.840318e-16
1.508967e+00  9.786299e-16
1.547687e+00  9.721379e-16
1.587401e+00  9.651023e-16
1.592205e+00  9.642130e-16
1.628134e+00  9.576714e-16
1.669912e+00  9.499138e-16
1.712762e+00  9.420755e-16
1.717946e+00  9.411217e-16
1.756711e+00  9.341087e-16
1.801789e+00  9.260138e-16
1.848023e+00  9.182902e-16
1.895443e+00  9.105138e-16
1.944080e+00  9.028173e-16
1.993965e+00  8.950955e-16
2.045130e+00  8.878944e-16
2.097608e+00  8.800812e-16
2.151433e+00  8.732540e-16
2.206639e+00  8.665294e-16
2.263261e+00  8.599729e-16
2.321337e+00  8.536059e-16
2.380902e+00  8.471634e-16
2.441996e+00  8.406610e-16
2.504658e+00  8.339687e-16
2.568928e+00  8.270604e-16
2.634847e+00  8.197238e-16
2.702457e+00  8.118355e-16
2.771802e+00  8.033089e-16
2.842926e+00  7.939274e-16
2.915876e+00  7.836266e-16
2.990698e+00  7.725442e-16
3.067439e+00  7.614944e-16
3.146150e+00  7.505661e-16
3.226880e+00  7.395884e-16
3.309682e+00  7.286172e-16
3.394608e+00  7.176333e-16
3.481714e+00  7.065742e-16
3.571055e+00  6.954536e-16
3.662688e+00  6.842296e-16
3.756673e+00  6.729943e-16
3.853069e+00  6.617057e-16
3.951939e+00  6.504552e-16
4.053346e+00  6.392986e-16
4.157355e+00  6.283084e-16
4.264033e+00  6.176435e-16
4.373448e+00  6.073342e-16
4.485671e+00  5.975490e-16
4.600774e+00  5.884239e-16
4.718830e+00  5.800808e-16
4.839915e+00  5.727079e-16
4.964107e+00  5.664295e-16
5.091486e+00  5.613926e-16
5.222134e+00  5.577795e-16
5.356134e+00  5.557102e-16
5.493573e+00  5.553570e-16
5.634538e+00  5.568233e-16
5.779121e+00  5.595769e-16
5.927413e+00  5.614006e-16
6.079511e+00  5.620160e-16
6.235511e+00  5.613074e-16
6.395515e+00  5.590268e-16
6.559624e+00  5.548097e-16
6.727944e+00  5.488491e-16
6.900583e+00  5.410034e-16
7.077652e+00  5.311013e-16
7.259265e+00  5.190896e-16
7.445538e+00  5.049007e-16
7.636591e+00  4.896482e-16
7.832546e+00  4.736897e-16
8.033530e+00  4.573161e-16
8.239670e+00  4.403542e-16
8.451100e+00  4.228385e-16
8.667956e+00  4.044732e-16
8.890376e+00  3.857575e-16
9.118503e+00  3.664718e-16
9.352484e+00  3.461760e-16
9.592470e+00  3.256425e-16
9.838613e+00  3.045653e-16
1.009107e+01  2.829012e-16
1.035001e+01  2.599927e-16
1.061559e+01  2.372532e-16
1.088799e+01  2.140217e-16
1.116737e+01  1.904251e-16
1.145393e+01  1.654199e-16
1.174784e+01  1.412355e-16
1.204929e+01  1.169508e-16
1.235847e+01  9.259547e-17
1.267559e+01  6.683390e-17
1.300085e+01  4.278128e-17
1.333445e+01  1.893140e-17
1.367661e+01  1.983511e-68
1.402755e+01  2.034408e-68
1.438750e+01  2.086611e-68
1.475668e+01  2.140154e-68
1.513534e+01  2.195070e-68
1.552372e+01  2.251396e-68
1.592205e+01  2.309167e-68
1.633061e+01  2.368420e-68
1.674966e+01  2.429194e-68
1.717946e+01  2.491527e-68
1.762028e+01  2.555459e-68
1.807242e+01  2.621033e-68
1.853616e+01  2.688288e-68
