1.000000e-03  7.288270e-18
1.078972e-03  1.149627e-17
1.164181e-03  1.723614e-17
1.256119e-03  2.237286e-17
1.355318e-03  2.745657e-17
1.462351e-03  3.373358e-17
1.577836e-03  4.138868e-17
1.702441e-03  5.066351e-17
1.836887e-03  6.187994e-17
1.981950e-03  7.538954e-17
2.138469e-03  9.150654e-17
2.307349e-03  1.108601e-16
2.489566e-03  1.337391e-16
2.686173e-03  1.609505e-16
2.898306e-03  1.928589e-16
3.127192e-03  2.302477e-16
3.374153e-03  2.736384e-16
3.640618e-03  3.236098e-16
3.928126e-03  3.807382e-16
4.238339e-03  4.450249e-16
4.573051e-03  5.172295e-16
4.934195e-03  5.961455e-16
5.323860e-03  6.821000e-16
5.744297e-03  7.731382e-16
6.197938e-03  8.686609e-16
6.687403e-03  9.661399e-16
7.215523e-03  1.062766e-15
7.785349e-03  1.155607e-15
8.400176e-03  1.239577e-15
9.063558e-03  1.311937e-15
9.779328e-03  1.366092e-15
1.000000e-02  1.375987e-15
1.025660e-02  1.387309e-15
1.051979e-02  1.398725e-15
1.055162e-02  1.400092e-15
1.078972e-02  1.402661e-15
1.106659e-02  1.405584e-15
1.135056e-02  1.408512e-15
1.138491e-02  1.408862e-15
1.164181e-02  1.403665e-15
1.194054e-02  1.397787e-15
1.224694e-02  1.391933e-15
1.228400e-02  1.391237e-15
1.256119e-02  1.377789e-15
1.288351e-02  1.362678e-15
1.321411e-02  1.347732e-15
1.325410e-02  1.345960e-15
1.355318e-02  1.324531e-15
1.390095e-02  1.300613e-15
1.425765e-02  1.277126e-15
1.430081e-02  1.274353e-15
1.462351e-02  1.245785e-15
1.499875e-02  1.214124e-15
1.538361e-02  1.183269e-15
1.543017e-02  1.179641e-15
1.577836e-02  1.145290e-15
1.618323e-02  1.107499e-15
1.659849e-02  1.070955e-15
1.664873e-02  1.066677e-15
1.702441e-02  1.027918e-15
1.746126e-02  9.856134e-16
1.790931e-02  9.450510e-16
1.796352e-02  9.403251e-16
1.836887e-02  8.998243e-16
1.884021e-02  8.559497e-16
1.932365e-02  8.142140e-16
1.938214e-02  8.093733e-16
1.981950e-02  7.685301e-16
2.032807e-02  7.246483e-16
2.084969e-02  6.832721e-16
2.091279e-02  6.784976e-16
2.138469e-02  6.402336e-16
2.193342e-02  5.993969e-16
2.249624e-02  5.611643e-16
2.256432e-02  5.567705e-16
2.307349e-02  5.221300e-16
2.366556e-02  4.854040e-16
2.427282e-02  4.512621e-16
2.434628e-02  4.473538e-16
2.489566e-02  4.180720e-16
2.553448e-02  3.871423e-16
2.618970e-02  3.585015e-16
2.626896e-02  3.552303e-16
2.686173e-02  3.317542e-16
2.755100e-02  3.069758e-16
2.825796e-02  2.840500e-16
2.834348e-02  2.814326e-16
2.898306e-02  2.638585e-16
2.972676e-02  2.452339e-16
3.048955e-02  2.279272e-16
3.058183e-02  2.259465e-16
3.127192e-02  2.140585e-16
3.207436e-02  2.013214e-16
3.289738e-02  1.893478e-16
3.299695e-02  1.879684e-16
3.374153e-02  1.807635e-16
3.460734e-02  1.729233e-16
3.549537e-02  1.654310e-16
3.560280e-02  1.645598e-16
3.640618e-02  1.614764e-16
3.734036e-02  1.580535e-16
3.829852e-02  1.547153e-16
3.841443e-02  1.543222e-16
3.928126e-02  1.541775e-16
4.028922e-02  1.540225e-16
4.132304e-02  1.538784e-16
4.144811e-02  1.538619e-16
4.238339e-02  1.561316e-16
4.347095e-02  1.587585e-16
4.458642e-02  1.614405e-16
4.472136e-02  1.617640e-16
4.573051e-02  1.659030e-16
4.690395e-02  1.707405e-16
4.810751e-02  1.757286e-16
4.825311e-02  1.763336e-16
4.934195e-02  1.820148e-16
5.060807e-02  1.886396e-16
5.190667e-02  1.954678e-16
5.206377e-02  1.962986e-16
5.323860e-02  2.031701e-16
5.460470e-02  2.112665e-16
5.600586e-02  2.196880e-16
5.617536e-02  2.207147e-16
5.744297e-02  2.286331e-16
5.891696e-02  2.379693e-16
6.042877e-02  2.476914e-16
6.061166e-02  2.488775e-16
6.197938e-02  2.576033e-16
6.356977e-02  2.678851e-16
6.520097e-02  2.785786e-16
6.539831e-02  2.798821e-16
6.687403e-02  2.892329e-16
6.859002e-02  3.002401e-16
7.035004e-02  3.116714e-16
7.056296e-02  3.130634e-16
7.215523e-02  3.226513e-16
7.400673e-02  3.339030e-16
7.590575e-02  3.455527e-16
7.613548e-02  3.469699e-16
7.785349e-02  3.566281e-16
7.985122e-02  3.679286e-16
8.190020e-02  3.795961e-16
8.214808e-02  3.810129e-16
8.400176e-02  3.901620e-16
8.615725e-02  4.008297e-16
8.836805e-02  4.118051e-16
8.863550e-02  4.131352e-16
9.063558e-02  4.215584e-16
9.296129e-02  4.313322e-16
9.534668e-02  4.413707e-16
9.563525e-02  4.425855e-16
9.779328e-02  4.496512e-16
1.003027e-01  4.578355e-16
1.028764e-01  4.662009e-16
1.031878e-01  4.672108e-16
1.055162e-01  4.726181e-16
1.082238e-01  4.788762e-16
1.110008e-01  4.852721e-16
1.113368e-01  4.860447e-16
1.138491e-01  4.894257e-16
1.167705e-01  4.933410e-16
1.197668e-01  4.973546e-16
1.201293e-01  4.978404e-16
1.228400e-01  4.988013e-16
1.259921e-01  4.999816e-16
1.292251e-01  5.012598e-16
1.296162e-01  5.014187e-16
1.325410e-01  4.998262e-16
1.359420e-01  4.981565e-16
1.394303e-01  4.966329e-16
1.398523e-01  4.964547e-16
1.430081e-01  4.921644e-16
1.466776e-01  4.875702e-16
1.504414e-01  4.832211e-16
1.508967e-01  4.827145e-16
1.543017e-01  4.759911e-16
1.582611e-01  4.687488e-16
1.623221e-01  4.618789e-16
1.628134e-01  4.610903e-16
1.664873e-01  4.523911e-16
1.707594e-01  4.430725e-16
1.751411e-01  4.343436e-16
1.756711e-01  4.333377e-16
1.796352e-01  4.231098e-16
1.842446e-01  4.122087e-16
1.889724e-01  4.021817e-16
1.895443e-01  4.010344e-16
1.938214e-01  3.901429e-16
1.987949e-01  3.786795e-16
2.038959e-01  3.683726e-16
2.045130e-01  3.672057e-16
2.091279e-01  3.564021e-16
2.144941e-01  3.453908e-16
2.199981e-01  3.356860e-16
2.206639e-01  3.346008e-16
2.256432e-01  3.248449e-16
2.314332e-01  3.152612e-16
2.373718e-01  3.070570e-16
2.380902e-01  3.061692e-16
2.434628e-01  2.982876e-16
2.497101e-01  2.909046e-16
2.561176e-01  2.850354e-16
2.568928e-01  2.844345e-16
2.626896e-01  2.790608e-16
2.694302e-01  2.745129e-16
2.763438e-01  2.716083e-16
2.771802e-01  2.713408e-16
2.834348e-01  2.688877e-16
2.907078e-01  2.676471e-16
2.981673e-01  2.680168e-16
2.990698e-01  2.681083e-16
3.058183e-01  2.683192e-16
3.136656e-01  2.703578e-16
3.217143e-01  2.741157e-16
3.226880e-01  2.746348e-16
3.299695e-01  2.785176e-16
3.384365e-01  2.843389e-16
3.471208e-01  2.910560e-16
3.481714e-01  2.919745e-16
3.560280e-01  2.987924e-16
3.651636e-01  3.079954e-16
3.745338e-01  3.177341e-16
3.756673e-01  3.190053e-16
3.841443e-01  3.286569e-16
3.940015e-01  3.408772e-16
4.041116e-01  3.538699e-16
4.053346e-01  3.554881e-16
4.144811e-01  3.677264e-16
4.251167e-01  3.824401e-16
4.360252e-01  3.980975e-16
4.373448e-01  3.999958e-16
4.472136e-01  4.143517e-16
4.586891e-01  4.312378e-16
4.704591e-01  4.488107e-16
4.718830e-01  4.509334e-16
4.825311e-01  4.669535e-16
4.949129e-01  4.857656e-16
5.076123e-01  5.049311e-16
5.091486e-01  5.072733e-16
5.206377e-01  5.249061e-16
5.339973e-01  5.450684e-16
5.476997e-01  5.653861e-16
5.493573e-01  5.678326e-16
5.617536e-01  5.862039e-16
5.761683e-01  6.073240e-16
5.909528e-01  6.286698e-16
5.927413e-01  6.311957e-16
6.061166e-01  6.500804e-16
6.216696e-01  6.714357e-16
6.376217e-01  6.933150e-16
6.395515e-01  6.958606e-16
6.539831e-01  7.149488e-16
6.707643e-01  7.369031e-16
6.879761e-01  7.583392e-16
6.900583e-01  7.608231e-16
7.056296e-01  7.794178e-16
7.237361e-01  7.999163e-16
7.423072e-01  8.202690e-16
7.445538e-01  8.226653e-16
7.613548e-01  8.405778e-16
7.808912e-01  8.604207e-16
8.009289e-01  8.791975e-16
8.033530e-01  8.812492e-16
8.214808e-01  8.965478e-16
8.425600e-01  9.138345e-16
8.641801e-01  9.295605e-16
8.667956e-01  9.314336e-16
8.863550e-01  9.453821e-16
9.090989e-01  9.601888e-16
9.324264e-01  9.747882e-16
9.352484e-01  9.763207e-16
9.563525e-01  9.877115e-16
9.808925e-01  9.992569e-16
1.006062e+00  1.009679e-15
1.009107e+00  1.010777e-15
1.031878e+00  1.018922e-15
1.058356e+00  1.026798e-15
1.085513e+00  1.033467e-15
1.088799e+00  1.034138e-15
1.113368e+00  1.039103e-15
1.141937e+00  1.042817e-15
1.171239e+00  1.046079e-15
1.174784e+00  1.046352e-15
1.201293e+00  1.048369e-15
1.232118e+00  1.049229e-15
1.263734e+00  1.049388e-15
1.267559e+00  1.049215e-15
1.296162e+00  1.047936e-15
1.329421e+00  1.045574e-15
1.363534e+00  1.042305e-15
1.367661e+00  1.041773e-15
1.398523e+00  1.037851e-15
1.434409e+00  1.033029e-15
1.471216e+00  1.027026e-15
1.475668e+00  1.026256e-15
1.508967e+00  1.020586e-15
1.547687e+00  1.013724e-15
1.587401e+00  1.006345e-15
1.592205e+00  1.005421e-15
1.628134e+00  9.986267e-16
1.669912e+00  9.905398e-16
1.712762e+00  9.823056e-16
1.717946e+00  9.812995e-16
1.756711e+00  9.739030e-16
1.801789e+00  9.655064e-16
1.848023e+00  9.574280e-16
1.895443e+00  9.491771e-16
1.944080e+00  9.411049e-16
1.993965e+00  9.332251e-16
2.045130e+00  9.255197e-16
2.097608e+00  9.172765e-16
2.151433e+00  9.100452e-16
2.206639e+00  9.029100e-16
2.263261e+00  8.959397e-16
2.321337e+00  8.891351e-16
2.380902e+00  8.822338e-16
2.441996e+00  8.752688e-16
2.504658e+00  8.680840e-16
2.568928e+00  8.606505e-16
2.634847e+00  8.527827e-16
2.702457e+00  8.443440e-16
2.771802e+00  8.352418e-16
2.842926e+00  8.252835e-16
2.915876e+00  8.143815e-16
2.990698e+00  8.026525e-16
3.067439e+00  7.909806e-16
3.146150e+00  7.794437e-16
3.226880e+00  7.678804e-16
3.309682e+00  7.563171e-16
3.394608e+00  7.447081e-16
3.481714e+00  7.330554e-16
3.571055e+00  7.213785e-16
3.662688e+00  7.096218e-16
3.756673e+00  6.977989e-16
3.853069e+00  6.859583e-16
3.951939e+00  6.741932e-16
4.053346e+00  6.625829e-16
4.157355e+00  6.511574e-16
4.264033e+00  6.400366e-16
4.373448e+00  6.293253e-16
4.485671e+00  6.191911e-16
4.600774e+00  6.097779e-16
4.718830e+00  6.011524e-16
4.839915e+00  5.935048e-16
4.964107e+00  5.870087e-16
5.091486e+00  5.817864e-16
5.222134e+00  5.780421e-16
5.356134e+00  5.758109e-16
5.493573e+00  5.752981e-16
5.634538e+00  5.766489e-16
5.779121e+00  5.792698e-16
5.927413e+00  5.809329e-16
6.079511e+00  5.813095e-16
6.235511e+00  5.803074e-16
6.395515e+00  5.775259e-16
6.559624e+00  5.729258e-16
6.727944e+00  5.665288e-16
6.900583e+00  5.581882e-16
7.077652e+00  5.477984e-16
7.259265e+00  5.352396e-16
7.445538e+00  5.204343e-16
7.636591e+00  5.045236e-16
7.832546e+00  4.880295e-16
8.033530e+00  4.709587e-16
8.239670e+00  4.532946e-16
8.451100e+00  4.350426e-16
8.667956e+00  4.161642e-16
8.890376e+00  3.963368e-16
9.118503e+00  3.761936e-16
9.352484e+00  3.554237e-16
9.592470e+00  3.340140e-16
9.838613e+00  3.120114e-16
1.009107e+01  2.894399e-16
1.035001e+01  2.663138e-16
1.061559e+01  2.425986e-16
1.088799e+01  2.184460e-16
1.116737e+01  1.939225e-16
1.145393e+01  1.691213e-16
1.174784e+01  1.441305e-16
1.204929e+01  1.191003e-16
1.235847e+01  9.405338e-17
1.267559e+01  6.891510e-17
1.300085e+01  4.397481e-17
1.333445e+01  1.963186e-17
1.367661e+01  2.036967e-68
1.402755e+01  2.089236e-68
1.438750e+01  2.142846e-68
1.475668e+01  2.197831e-68
1.513534e+01  2.254228e-68
1.552372e+01  2.312071e-68
1.592205e+01  2.371399e-68
1.633061e+01  2.432249e-68
1.674966e+01  2.494661e-68
1.717946e+01  2.558674e-68
1.762028e+01  2.624329e-68
1.807242e+01  2.691670e-68
1.853616e+01  2.760738e-68
