1.000000e-03  5.073500e-18
1.078972e-03  8.408636e-18
1.164181e-03  1.312408e-17
1.256119e-03  1.719199e-17
1.355318e-03  2.110109e-17
1.462351e-03  2.593144e-17
1.577836e-03  3.182511e-17
1.702441e-03  3.897828e-17
1.836887e-03  4.763813e-17
1.981950e-03  5.809025e-17
2.138469e-03  7.061795e-17
2.307349e-03  8.570295e-17
2.489566e-03  1.035561e-16
2.686173e-03  1.248198e-16
2.898306e-03  1.497776e-16
3.127192e-03  1.790709e-16
3.374153e-03  2.131445e-16
3.640618e-03  2.525103e-16
3.928126e-03  2.976450e-16
4.238339e-03  3.484816e-16
4.573051e-03  4.058749e-16
4.934195e-03  4.688371e-16
5.323860e-03  5.381903e-16
5.744297e-03  6.119377e-16
6.197938e-03  6.899165e-16
6.687403e-03  7.699429e-16
7.215523e-03  8.497635e-16
7.785349e-03  9.273016e-16
8.400176e-03  9.982736e-16
9.063558e-03  1.060645e-15
9.779328e-03  1.108605e-15
1.000000e-02  1.117971e-15
1.025660e-02  1.128702e-15
1.051979e-02  1.139535e-15
1.055162e-02  1.140834e-15
1.078972e-02  1.144323e-15
1.106659e-02  1.148297e-15
1.135056e-02  1.152284e-15
1.138491e-02  1.152761e-15
1.164181e-02  1.149950e-15
1.194054e-02  1.146767e-15
1.224694e-02  1.143593e-15
1.228400e-02  1.143215e-15
1.256119e-02  1.133626e-15
1.288351e-02  1.122836e-15
1.321411e-02  1.112148e-15
1.325410e-02  1.110880e-15
1.355318e-02  1.094521e-15
1.390095e-02  1.076239e-15
1.425765e-02  1.058262e-15
1.430081e-02  1.056138e-15
1.462351e-02  1.033643e-15
1.499875e-02  1.008681e-15
1.538361e-02  9.843234e-16
1.543017e-02  9.814575e-16
1.577836e-02  9.538523e-16
1.618323e-02  9.234493e-16
1.659849e-02  8.940153e-16
1.664873e-02  8.905675e-16
1.702441e-02  8.589718e-16
1.746126e-02  8.244535e-16
1.790931e-02  7.913230e-16
1.796352e-02  7.874608e-16
1.836887e-02  7.541521e-16
1.884021e-02  7.180376e-16
1.932365e-02  6.836522e-16
1.938214e-02  6.796620e-16
1.981950e-02  6.458493e-16
2.032807e-02  6.094920e-16
2.084969e-02  5.751813e-16
2.091279e-02  5.712202e-16
2.138469e-02  5.393278e-16
2.193342e-02  5.052695e-16
2.249624e-02  4.733614e-16
2.256432e-02  4.696930e-16
2.307349e-02  4.405471e-16
2.366556e-02  4.096403e-16
2.427282e-02  3.809019e-16
2.434628e-02  3.776117e-16
2.489566e-02  3.528227e-16
2.553448e-02  3.266443e-16
2.618970e-02  3.024087e-16
2.626896e-02  2.996410e-16
2.686173e-02  2.796062e-16
2.755100e-02  2.584782e-16
2.825796e-02  2.389478e-16
2.834348e-02  2.367193e-16
2.898306e-02  2.215096e-16
2.972676e-02  2.054232e-16
3.048955e-02  1.905076e-16
3.058183e-02  1.888025e-16
3.127192e-02  1.784123e-16
3.207436e-02  1.673094e-16
3.289738e-02  1.569013e-16
3.299695e-02  1.557041e-16
3.374153e-02  1.491985e-16
3.460734e-02  1.421462e-16
3.549537e-02  1.354322e-16
3.560280e-02  1.346533e-16
3.640618e-02  1.316281e-16
3.734036e-02  1.282816e-16
3.829852e-02  1.250278e-16
3.841443e-02  1.246460e-16
3.928126e-02  1.241389e-16
4.028922e-02  1.235712e-16
4.132304e-02  1.230150e-16
4.144811e-02  1.229494e-16
4.238339e-02  1.245138e-16
4.347095e-02  1.263257e-16
4.458642e-02  1.281704e-16
4.472136e-02  1.283927e-16
4.573051e-02  1.315349e-16
4.690395e-02  1.352038e-16
4.810751e-02  1.389847e-16
4.825311e-02  1.394437e-16
4.934195e-02  1.438902e-16
5.060807e-02  1.490614e-16
5.190667e-02  1.543882e-16
5.206377e-02  1.550362e-16
5.323860e-02  1.604747e-16
5.460470e-02  1.668832e-16
5.600586e-02  1.735488e-16
5.617536e-02  1.743617e-16
5.744297e-02  1.806858e-16
5.891696e-02  1.881443e-16
6.042877e-02  1.959142e-16
6.061166e-02  1.968623e-16
6.197938e-02  2.038836e-16
6.356977e-02  2.121629e-16
6.520097e-02  2.207788e-16
6.539831e-02  2.218293e-16
6.687403e-02  2.294186e-16
6.859002e-02  2.383594e-16
7.035004e-02  2.476527e-16
7.056296e-02  2.487850e-16
7.215523e-02  2.566080e-16
7.400673e-02  2.657965e-16
7.590575e-02  2.753165e-16
7.613548e-02  2.764755e-16
7.785349e-02  2.844408e-16
7.985122e-02  2.937653e-16
8.190020e-02  3.034040e-16
8.214808e-02  3.045747e-16
8.400176e-02  3.121928e-16
8.615725e-02  3.210870e-16
8.836805e-02  3.302476e-16
8.863550e-02  3.313578e-16
9.063558e-02  3.384777e-16
9.296129e-02  3.467464e-16
9.534668e-02  3.552458e-16
9.563525e-02  3.562755e-16
9.779328e-02  3.624006e-16
1.003027e-01  3.694948e-16
1.028764e-01  3.767548e-16
1.031878e-01  3.776314e-16
1.055162e-01  3.824573e-16
1.082238e-01  3.880481e-16
1.110008e-01  3.937560e-16
1.113368e-01  3.944463e-16
1.138491e-01  3.976248e-16
1.167705e-01  4.012962e-16
1.197668e-01  4.050422e-16
1.201293e-01  4.054961e-16
1.228400e-01  4.067110e-16
1.259921e-01  4.081478e-16
1.292251e-01  4.096801e-16
1.296162e-01  4.098672e-16
1.325410e-01  4.089843e-16
1.359420e-01  4.080716e-16
1.394303e-01  4.072779e-16
1.398523e-01  4.071817e-16
1.430081e-01  4.040000e-16
1.466776e-01  4.006207e-16
1.504414e-01  3.974221e-16
1.508967e-01  3.970496e-16
1.543017e-01  3.918396e-16
1.582611e-01  3.862126e-16
1.623221e-01  3.808314e-16
1.628134e-01  3.802176e-16
1.664873e-01  3.732930e-16
1.707594e-01  3.658310e-16
1.751411e-01  3.588381e-16
1.756711e-01  3.580278e-16
1.796352e-01  3.496779e-16
1.842446e-01  3.407651e-16
1.889724e-01  3.325437e-16
1.895443e-01  3.315993e-16
1.938214e-01  3.225782e-16
1.987949e-01  3.130418e-16
2.038959e-01  3.044272e-16
2.045130e-01  3.034477e-16
2.091279e-01  2.943552e-16
2.144941e-01  2.850337e-16
2.199981e-01  2.767750e-16
2.206639e-01  2.758458e-16
2.256432e-01  2.674588e-16
2.314332e-01  2.591506e-16
2.373718e-01  2.519717e-16
2.380902e-01  2.511862e-16
2.434628e-01  2.442341e-16
2.497101e-01  2.376384e-16
2.561176e-01  2.322621e-16
2.568928e-01  2.316957e-16
2.626896e-01  2.266296e-16
2.694302e-01  2.222585e-16
2.763438e-01  2.191667e-16
2.771802e-01  2.188765e-16
2.834348e-01  2.162806e-16
2.907078e-01  2.144567e-16
2.981673e-01  2.140068e-16
2.990698e-01  2.140010e-16
3.058183e-01  2.135303e-16
3.136656e-01  2.144348e-16
3.217143e-01  2.168873e-16
3.226880e-01  2.172343e-16
3.299695e-01  2.198444e-16
3.384365e-01  2.238922e-16
3.471208e-01  2.287081e-16
3.481714e-01  2.293784e-16
3.560280e-01  2.343203e-16
3.651636e-01  2.411980e-16
3.745338e-01  2.484015e-16
3.756673e-01  2.493678e-16
3.841443e-01  2.567170e-16
3.940015e-01  2.661290e-16
4.041116e-01  2.761324e-16
4.053346e-01  2.773817e-16
4.144811e-01  2.868379e-16
4.251167e-01  2.982413e-16
4.360252e-01  3.104705e-16
4.373448e-01  3.119661e-16
4.472136e-01  3.232783e-16
4.586891e-01  3.364973e-16
4.704591e-01  3.502459e-16
4.718830e-01  3.519018e-16
4.825311e-01  3.644025e-16
4.949129e-01  3.793489e-16
5.076123e-01  3.945631e-16
5.091486e-01  3.964130e-16
5.206377e-01  4.103424e-16
5.339973e-01  4.263321e-16
5.476997e-01  4.424238e-16
5.493573e-01  4.443724e-16
5.617536e-01  4.590089e-16
5.761683e-01  4.757657e-16
5.909528e-01  4.928950e-16
5.927413e-01  4.948939e-16
6.061166e-01  5.098288e-16
6.216696e-01  5.270223e-16
6.376217e-01  5.445894e-16
6.395515e-01  5.466226e-16
6.539831e-01  5.618730e-16
6.707643e-01  5.794509e-16
6.879761e-01  5.967927e-16
6.900583e-01  5.987990e-16
7.056296e-01  6.138234e-16
7.237361e-01  6.306452e-16
7.423072e-01  6.469948e-16
7.445538e-01  6.489410e-16
7.613548e-01  6.634941e-16
7.808912e-01  6.796397e-16
8.009289e-01  6.948048e-16
8.033530e-01  6.964880e-16
8.214808e-01  7.090434e-16
8.425600e-01  7.231213e-16
8.641801e-01  7.357846e-16
8.667956e-01  7.373288e-16
8.863550e-01  7.488318e-16
9.090989e-01  7.608864e-16
9.324264e-01  7.728967e-16
9.352484e-01  7.741480e-16
9.563525e-01  7.834503e-16
9.808925e-01  7.930021e-16
1.006062e+00  8.018189e-16
1.009107e+00  8.027481e-16
1.031878e+00  8.096425e-16
1.058356e+00  8.163631e-16
1.085513e+00  8.219444e-16
1.088799e+00  8.225368e-16
1.113368e+00  8.269234e-16
1.141937e+00  8.301185e-16
1.171239e+00  8.330512e-16
1.174784e+00  8.332950e-16
1.201293e+00  8.350977e-16
1.232118e+00  8.360346e-16
1.263734e+00  8.364053e-16
1.267559e+00  8.362843e-16
1.296162e+00  8.353912e-16
1.329421e+00  8.337477e-16
1.363534e+00  8.312054e-16
1.367661e+00  8.307932e-16
1.398523e+00  8.277559e-16
1.434409e+00  8.240171e-16
1.471216e+00  8.192068e-16
1.475668e+00  8.186017e-16
1.508967e+00  8.141463e-16
1.547687e+00  8.087696e-16
1.587401e+00  8.029636e-16
1.592205e+00  8.022351e-16
1.628134e+00  7.968758e-16
1.669912e+00  7.903866e-16
1.712762e+00  7.839293e-16
1.717946e+00  7.831345e-16
1.756711e+00  7.772911e-16
1.801789e+00  7.706954e-16
1.848023e+00  7.643922e-16
1.895443e+00  7.579513e-16
1.944080e+00  7.517171e-16
1.993965e+00  7.455706e-16
2.045130e+00  7.396947e-16
2.097608e+00  7.334116e-16
2.151433e+00  7.280755e-16
2.206639e+00  7.228684e-16
2.263261e+00  7.178614e-16
2.321337e+00  7.130681e-16
2.380902e+00  7.082577e-16
2.441996e+00  7.034444e-16
2.504658e+00  6.985470e-16
2.568928e+00  6.934740e-16
2.634847e+00  6.881133e-16
2.702457e+00  6.822803e-16
2.771802e+00  6.758676e-16
2.842926e+00  6.686979e-16
2.915876e+00  6.606848e-16
2.990698e+00  6.519421e-16
3.067439e+00  6.432426e-16
3.146150e+00  6.345981e-16
3.226880e+00  6.259461e-16
3.309682e+00  6.172502e-16
3.394608e+00  6.085008e-16
3.481714e+00  5.996676e-16
3.571055e+00  5.907531e-16
3.662688e+00  5.817255e-16
3.756673e+00  5.726431e-16
3.853069e+00  5.634301e-16
3.951939e+00  5.542307e-16
4.053346e+00  5.449872e-16
4.157355e+00  5.358636e-16
4.264033e+00  5.268980e-16
4.373448e+00  5.181795e-16
4.485671e+00  5.098735e-16
4.600774e+00  5.020198e-16
4.718830e+00  4.948635e-16
4.839915e+00  4.884472e-16
4.964107e+00  4.830440e-16
5.091486e+00  4.787283e-16
5.222134e+00  4.757210e-16
5.356134e+00  4.741628e-16
5.493573e+00  4.741967e-16
5.634538e+00  4.760385e-16
5.779121e+00  4.791516e-16
5.927413e+00  4.815202e-16
6.079511e+00  4.828573e-16
6.235511e+00  4.830387e-16
6.395515e+00  4.819797e-16
6.559624e+00  4.795194e-16
6.727944e+00  4.754907e-16
6.900583e+00  4.694342e-16
7.077652e+00  4.615657e-16
7.259265e+00  4.517594e-16
7.445538e+00  4.398596e-16
7.636591e+00  4.270613e-16
7.832546e+00  4.137723e-16
8.033530e+00  4.000147e-16
8.239670e+00  3.856101e-16
8.451100e+00  3.708298e-16
8.667956e+00  3.555465e-16
8.890376e+00  3.397650e-16
9.118503e+00  3.234533e-16
9.352484e+00  3.062898e-16
9.592470e+00  2.888678e-16
9.838613e+00  2.709163e-16
1.009107e+01  2.523703e-16
1.035001e+01  2.333182e-16
1.061559e+01  2.130651e-16
1.088799e+01  1.929044e-16
1.116737e+01  1.722583e-16
1.145393e+01  1.511405e-16
1.174784e+01  1.296212e-16
1.204929e+01  1.067128e-16
1.235847e+01  8.466264e-17
1.267559e+01  6.248035e-17
1.300085e+01  4.020161e-17
1.333445e+01  1.802457e-17
1.367661e+01  1.772963e-68
1.402755e+01  1.818457e-68
1.438750e+01  1.865119e-68
1.475668e+01  1.912978e-68
1.513534e+01  1.962065e-68
1.552372e+01  2.012411e-68
1.592205e+01  2.064050e-68
1.633061e+01  2.117014e-68
1.674966e+01  2.171336e-68
1.717946e+01  2.227053e-68
1.762028e+01  2.284199e-68
1.807242e+01  2.342812e-68
1.853616e+01  2.402928e-68
