1.000000e-03  3.256751e-18
1.078972e-03  5.687465e-18
1.164181e-03  9.328588e-18
1.256119e-03  1.238232e-17
1.355318e-03  1.519527e-17
1.462351e-03  1.868306e-17
1.577836e-03  2.295471e-17
1.702441e-03  2.813070e-17
1.836887e-03  3.441699e-17
1.981950e-03  4.202375e-17
2.138469e-03  5.111130e-17
2.307349e-03  6.212767e-17
2.489566e-03  7.510848e-17
2.686173e-03  9.072027e-17
2.898306e-03  1.089540e-16
3.127192e-03  1.305224e-16
3.374153e-03  1.556386e-16
3.640618e-03  1.846694e-16
3.928126e-03  2.181806e-16
4.238339e-03  2.559222e-16
4.573051e-03  2.989497e-16
4.934195e-03  3.461151e-16
5.323860e-03  3.983016e-16
5.744297e-03  4.542443e-16
6.197938e-03  5.137043e-16
6.687403e-03  5.752567e-16
7.215523e-03  6.371439e-16
7.785349e-03  6.978263e-16
8.400176e-03  7.542123e-16
9.063558e-03  8.045980e-16
9.779328e-03  8.446103e-16
1.000000e-02  8.528054e-16
1.025660e-02  8.622067e-16
1.051979e-02  8.717119e-16
1.055162e-02  8.728523e-16
1.078972e-02  8.766743e-16
1.106659e-02  8.810343e-16
1.135056e-02  8.854159e-16
1.138491e-02  8.859399e-16
1.164181e-02  8.849468e-16
1.194054e-02  8.838206e-16
1.224694e-02  8.826957e-16
1.228400e-02  8.825617e-16
1.256119e-02  8.762979e-16
1.288351e-02  8.692398e-16
1.321411e-02  8.622382e-16
1.325410e-02  8.614070e-16
1.355318e-02  8.498355e-16
1.390095e-02  8.368854e-16
1.425765e-02  8.241324e-16
1.430081e-02  8.226240e-16
1.462351e-02  8.061136e-16
1.499875e-02  7.877686e-16
1.538361e-02  7.698415e-16
1.543017e-02  7.677306e-16
1.577836e-02  7.470094e-16
1.618323e-02  7.241597e-16
1.659849e-02  7.020089e-16
1.664873e-02  6.994123e-16
1.702441e-02  6.753615e-16
1.746126e-02  6.490542e-16
1.790931e-02  6.237723e-16
1.796352e-02  6.208229e-16
1.836887e-02  5.952740e-16
1.884021e-02  5.675377e-16
1.932365e-02  5.410934e-16
1.938214e-02  5.380224e-16
1.981950e-02  5.116021e-16
2.032807e-02  4.831729e-16
2.084969e-02  4.563236e-16
2.091279e-02  4.532225e-16
2.138469e-02  4.281912e-16
2.193342e-02  4.014417e-16
2.249624e-02  3.763629e-16
2.256432e-02  3.734785e-16
2.307349e-02  3.503775e-16
2.366556e-02  3.258753e-16
2.427282e-02  3.030867e-16
2.434628e-02  3.004773e-16
2.489566e-02  2.807204e-16
2.553448e-02  2.598582e-16
2.618970e-02  2.405461e-16
2.626896e-02  2.383408e-16
2.686173e-02  2.222093e-16
2.755100e-02  2.052135e-16
2.825796e-02  1.895184e-16
2.834348e-02  1.877285e-16
2.898306e-02  1.753397e-16
2.972676e-02  1.622626e-16
3.048955e-02  1.501618e-16
3.058183e-02  1.487802e-16
3.127192e-02  1.401976e-16
3.207436e-02  1.310532e-16
3.289738e-02  1.225079e-16
3.299695e-02  1.215266e-16
3.374153e-02  1.160176e-16
3.460734e-02  1.100682e-16
3.549537e-02  1.044279e-16
3.560280e-02  1.037750e-16
3.640618e-02  1.010605e-16
3.734036e-02  9.806898e-17
3.829852e-02  9.517053e-17
3.841443e-02  9.483110e-17
3.928126e-02  9.413108e-17
4.028922e-02  9.334841e-17
4.132304e-02  9.257966e-17
4.144811e-02  9.248863e-17
4.238339e-02  9.343651e-17
4.347095e-02  9.453347e-17
4.458642e-02  9.565170e-17
4.472136e-02  9.578643e-17
4.573051e-02  9.799326e-17
4.690395e-02  1.005647e-16
4.810751e-02  1.032156e-16
4.825311e-02  1.035369e-16
4.934195e-02  1.067732e-16
5.060807e-02  1.105342e-16
5.190667e-02  1.144005e-16
5.206377e-02  1.148707e-16
5.323860e-02  1.188968e-16
5.460470e-02  1.236403e-16
5.600586e-02  1.285742e-16
5.617536e-02  1.291758e-16
5.744297e-02  1.339062e-16
5.891696e-02  1.394889e-16
6.042877e-02  1.453063e-16
6.061166e-02  1.460162e-16
6.197938e-02  1.513153e-16
6.356977e-02  1.575680e-16
6.520097e-02  1.640797e-16
6.539831e-02  1.648739e-16
6.687403e-02  1.706490e-16
6.859002e-02  1.774565e-16
7.035004e-02  1.845388e-16
7.056296e-02  1.854022e-16
7.215523e-02  1.914088e-16
7.400673e-02  1.984699e-16
7.590575e-02  2.057932e-16
7.613548e-02  2.066850e-16
7.785349e-02  2.128510e-16
7.985122e-02  2.200790e-16
8.190020e-02  2.275596e-16
8.214808e-02  2.284685e-16
8.400176e-02  2.344389e-16
8.615725e-02  2.414142e-16
8.836805e-02  2.486066e-16
8.863550e-02  2.494797e-16
9.063558e-02  2.551253e-16
9.296129e-02  2.616796e-16
9.534668e-02  2.684264e-16
9.563525e-02  2.692438e-16
9.779328e-02  2.741898e-16
1.003027e-01  2.799271e-16
1.028764e-01  2.857998e-16
1.031878e-01  2.865095e-16
1.055162e-01  2.905188e-16
1.082238e-01  2.951616e-16
1.110008e-01  2.999106e-16
1.113368e-01  3.004839e-16
1.138491e-01  3.032696e-16
1.167705e-01  3.064837e-16
1.197668e-01  3.097715e-16
1.201293e-01  3.101683e-16
1.228400e-01  3.114617e-16
1.259921e-01  3.129779e-16
1.292251e-01  3.145516e-16
1.296162e-01  3.147441e-16
1.325410e-01  3.144246e-16
1.359420e-01  3.141249e-16
1.394303e-01  3.138912e-16
1.398523e-01  3.138634e-16
1.430081e-01  3.117556e-16
1.466776e-01  3.095166e-16
1.504414e-01  3.074045e-16
1.508967e-01  3.071578e-16
1.543017e-01  3.034038e-16
1.582611e-01  2.993444e-16
1.623221e-01  2.954560e-16
1.628134e-01  2.950111e-16
1.664873e-01  2.898572e-16
1.707594e-01  2.843171e-16
1.751411e-01  2.790935e-16
1.756711e-01  2.784863e-16
1.796352e-01  2.721050e-16
1.842446e-01  2.652572e-16
1.889724e-01  2.589494e-16
1.895443e-01  2.582205e-16
1.938214e-01  2.512142e-16
1.987949e-01  2.437896e-16
2.038959e-01  2.370367e-16
2.045130e-01  2.362693e-16
2.091279e-01  2.290846e-16
2.144941e-01  2.216676e-16
2.199981e-01  2.150364e-16
2.206639e-01  2.142921e-16
2.256432e-01  2.075823e-16
2.314332e-01  2.008638e-16
2.373718e-01  1.949793e-16
2.380902e-01  1.943337e-16
2.434628e-01  1.886073e-16
2.497101e-01  1.830966e-16
2.561176e-01  1.785385e-16
2.568928e-01  1.780454e-16
2.626896e-01  1.736260e-16
2.694302e-01  1.697014e-16
2.763438e-01  1.668664e-16
2.771802e-01  1.665792e-16
2.834348e-01  1.641096e-16
2.907078e-01  1.622185e-16
2.981673e-01  1.612876e-16
2.990698e-01  1.612236e-16
3.058183e-01  1.603699e-16
3.136656e-01  1.605660e-16
3.217143e-01  1.618921e-16
3.226880e-01  1.620911e-16
3.299695e-01  1.635802e-16
3.384365e-01  1.661986e-16
3.471208e-01  1.693825e-16
3.481714e-01  1.698385e-16
3.560280e-01  1.731842e-16
3.651636e-01  1.779327e-16
3.745338e-01  1.829803e-16
3.756673e-01  1.836618e-16
3.841443e-01  1.888397e-16
3.940015e-01  1.956149e-16
4.041116e-01  2.027936e-16
4.053346e-01  2.036935e-16
4.144811e-01  2.105013e-16
4.251167e-01  2.188591e-16
4.360252e-01  2.277955e-16
4.373448e-01  2.288910e-16
4.472136e-01  2.371844e-16
4.586891e-01  2.468930e-16
4.704591e-01  2.570730e-16
4.718830e-01  2.583041e-16
4.825311e-01  2.676045e-16
4.949129e-01  2.786361e-16
5.076123e-01  2.899330e-16
5.091486e-01  2.913169e-16
5.206377e-01  3.017410e-16
5.339973e-01  3.136176e-16
5.476997e-01  3.256221e-16
5.493573e-01  3.270772e-16
5.617536e-01  3.380075e-16
5.761683e-01  3.506275e-16
5.909528e-01  3.633793e-16
5.927413e-01  3.648812e-16
6.061166e-01  3.760985e-16
6.216696e-01  3.889861e-16
6.376217e-01  4.022134e-16
6.395515e-01  4.037467e-16
6.539831e-01  4.152506e-16
6.707643e-01  4.286678e-16
6.879761e-01  4.417307e-16
6.900583e-01  4.432574e-16
7.056296e-01  4.546952e-16
7.237361e-01  4.673794e-16
7.423072e-01  4.798688e-16
7.445538e-01  4.813539e-16
7.613548e-01  4.924629e-16
7.808912e-01  5.047817e-16
8.009289e-01  5.165870e-16
8.033530e-01  5.178712e-16
8.214808e-01  5.274530e-16
8.425600e-01  5.381752e-16
8.641801e-01  5.478670e-16
8.667956e-01  5.490490e-16
8.863550e-01  5.578560e-16
9.090989e-01  5.672631e-16
9.324264e-01  5.765801e-16
9.352484e-01  5.775773e-16
9.563525e-01  5.849947e-16
9.808925e-01  5.922738e-16
1.006062e+00  5.992088e-16
1.009107e+00  5.999387e-16
1.031878e+00  6.053555e-16
1.058356e+00  6.106239e-16
1.085513e+00  6.152010e-16
1.088799e+00  6.156576e-16
1.113368e+00  6.190387e-16
1.141937e+00  6.216357e-16
1.171239e+00  6.240136e-16
1.174784e+00  6.242309e-16
1.201293e+00  6.258379e-16
1.232118e+00  6.267611e-16
1.263734e+00  6.272368e-16
1.267559e+00  6.271593e-16
1.296162e+00  6.265874e-16
1.329421e+00  6.254540e-16
1.363534e+00  6.237522e-16
1.367661e+00  6.234371e-16
1.398523e+00  6.211157e-16
1.434409e+00  6.184134e-16
1.471216e+00  6.148394e-16
1.475668e+00  6.143824e-16
1.508967e+00  6.110175e-16
1.547687e+00  6.070015e-16
1.587401e+00  6.026529e-16
1.592205e+00  6.021080e-16
1.628134e+00  5.980990e-16
1.669912e+00  5.932807e-16
1.712762e+00  5.884232e-16
1.717946e+00  5.878276e-16
1.756711e+00  5.834485e-16
1.801789e+00  5.786036e-16
1.848023e+00  5.739398e-16
1.895443e+00  5.691543e-16
1.944080e+00  5.645575e-16
1.993965e+00  5.601472e-16
2.045130e+00  5.559595e-16
2.097608e+00  5.513733e-16
2.151433e+00  5.476396e-16
2.206639e+00  5.440596e-16
2.263261e+00  5.406872e-16
2.321337e+00  5.375880e-16
2.380902e+00  5.344890e-16
2.441996e+00  5.314581e-16
2.504658e+00  5.284094e-16
2.568928e+00  5.252981e-16
2.634847e+00  5.219951e-16
2.702457e+00  5.183545e-16
2.771802e+00  5.142706e-16
2.842926e+00  5.096117e-16
2.915876e+00  5.042376e-16
2.990698e+00  4.982132e-16
3.067439e+00  4.921878e-16
3.146150e+00  4.862011e-16
3.226880e+00  4.801562e-16
3.309682e+00  4.740895e-16
3.394608e+00  4.679536e-16
3.481714e+00  4.617298e-16
3.571055e+00  4.553923e-16
3.662688e+00  4.489367e-16
3.756673e+00  4.423754e-16
3.853069e+00  4.357240e-16
3.951939e+00  4.289901e-16
4.053346e+00  4.222295e-16
4.157355e+00  4.154455e-16
4.264033e+00  4.087150e-16
4.373448e+00  4.021175e-16
4.485671e+00  3.957247e-16
4.600774e+00  3.896800e-16
4.718830e+00  3.840713e-16
4.839915e+00  3.790478e-16
4.964107e+00  3.747570e-16
5.091486e+00  3.713669e-16
5.222134e+00  3.690629e-16
5.356134e+00  3.680060e-16
5.493573e+00  3.683797e-16
5.634538e+00  3.703664e-16
5.779121e+00  3.735870e-16
5.927413e+00  3.762566e-16
6.079511e+00  3.781574e-16
6.235511e+00  3.791683e-16
6.395515e+00  3.791914e-16
6.559624e+00  3.781287e-16
6.727944e+00  3.758370e-16
6.900583e+00  3.722102e-16
7.077652e+00  3.671204e-16
7.259265e+00  3.602416e-16
7.445538e+00  3.513305e-16
7.636591e+00  3.416466e-16
7.832546e+00  3.315174e-16
8.033530e+00  3.210042e-16
8.239670e+00  3.100750e-16
8.451100e+00  2.987369e-16
8.667956e+00  2.871045e-16
8.890376e+00  2.749513e-16
9.118503e+00  2.623544e-16
9.352484e+00  2.492992e-16
9.592470e+00  2.360109e-16
9.838613e+00  2.220346e-16
1.009107e+01  2.075406e-16
1.035001e+01  1.925167e-16
1.061559e+01  1.773580e-16
1.088799e+01  1.612529e-16
1.116737e+01  1.445703e-16
1.145393e+01  1.273278e-16
1.174784e+01  1.102743e-16
1.204929e+01  9.200467e-17
1.235847e+01  7.318460e-17
1.267559e+01  5.392392e-17
1.300085e+01  3.540521e-17
1.333445e+01  1.560349e-17
1.367661e+01  1.505565e-68
1.402755e+01  1.544198e-68
1.438750e+01  1.583822e-68
1.475668e+01  1.624463e-68
1.513534e+01  1.666147e-68
1.552372e+01  1.708900e-68
1.592205e+01  1.752750e-68
1.633061e+01  1.797726e-68
1.674966e+01  1.843856e-68
1.717946e+01  1.891169e-68
1.762028e+01  1.939697e-68
1.807242e+01  1.989469e-68
1.853616e+01  2.040519e-68
