1.000000e-03  3.498886e-18
1.078972e-03  6.067194e-18
1.164181e-03  9.887093e-18
1.256119e-03  1.306568e-17
1.355318e-03  1.602554e-17
1.462351e-03  1.971265e-17
1.577836e-03  2.421553e-17
1.702441e-03  2.967794e-17
1.836887e-03  3.628334e-17
1.981950e-03  4.429162e-17
2.138469e-03  5.388981e-17
2.307349e-03  6.547616e-17
2.489566e-03  7.917528e-17
2.686173e-03  9.556096e-17
2.898306e-03  1.147915e-16
3.127192e-03  1.374573e-16
3.374153e-03  1.638702e-16
3.640618e-03  1.943635e-16
3.928126e-03  2.295280e-16
4.238339e-03  2.693061e-16
4.573051e-03  3.143178e-16
4.934195e-03  3.638262e-16
5.323860e-03  4.184747e-16
5.744297e-03  4.770243e-16
6.197938e-03  5.393075e-16
6.687403e-03  6.035478e-16
7.215523e-03  6.683189e-16
7.785349e-03  7.314367e-16
8.400176e-03  7.899634e-16
9.063558e-03  8.422355e-16
9.779328e-03  8.834425e-16
1.000000e-02  8.918969e-16
1.025660e-02  9.015944e-16
1.051979e-02  9.113976e-16
1.055162e-02  9.125736e-16
1.078972e-02  9.164012e-16
1.106659e-02  9.207667e-16
1.135056e-02  9.251529e-16
1.138491e-02  9.256774e-16
1.164181e-02  9.244449e-16
1.194054e-02  9.230476e-16
1.224694e-02  9.216523e-16
1.228400e-02  9.214860e-16
1.256119e-02  9.147439e-16
1.288351e-02  9.071486e-16
1.321411e-02  8.996161e-16
1.325410e-02  8.987219e-16
1.355318e-02  8.865024e-16
1.390095e-02  8.728295e-16
1.425765e-02  8.593673e-16
1.430081e-02  8.577752e-16
1.462351e-02  8.403783e-16
1.499875e-02  8.210527e-16
1.538361e-02  8.021719e-16
1.543017e-02  7.999490e-16
1.577836e-02  7.782332e-16
1.618323e-02  7.542908e-16
1.659849e-02  7.310849e-16
1.664873e-02  7.283649e-16
1.702441e-02  7.031576e-16
1.746126e-02  6.755922e-16
1.790931e-02  6.491079e-16
1.796352e-02  6.460187e-16
1.836887e-02  6.192620e-16
1.884021e-02  5.902231e-16
1.932365e-02  5.625455e-16
1.938214e-02  5.593318e-16
1.981950e-02  5.318929e-16
2.032807e-02  5.023661e-16
2.084969e-02  4.744784e-16
2.091279e-02  4.712573e-16
2.138469e-02  4.452003e-16
2.193342e-02  4.173567e-16
2.249624e-02  3.912541e-16
2.256432e-02  3.882521e-16
2.307349e-02  3.642665e-16
2.366556e-02  3.388239e-16
2.427282e-02  3.151584e-16
2.434628e-02  3.124485e-16
2.489566e-02  2.918526e-16
2.553448e-02  2.701086e-16
2.618970e-02  2.499844e-16
2.626896e-02  2.476866e-16
2.686173e-02  2.309558e-16
2.755100e-02  2.133260e-16
2.825796e-02  1.970426e-16
2.834348e-02  1.951854e-16
2.898306e-02  1.823262e-16
2.972676e-02  1.687506e-16
3.048955e-02  1.561874e-16
3.058183e-02  1.547528e-16
3.127192e-02  1.458824e-16
3.207436e-02  1.364279e-16
3.289738e-02  1.275885e-16
3.299695e-02  1.265733e-16
3.374153e-02  1.209218e-16
3.460734e-02  1.148129e-16
3.549537e-02  1.090174e-16
3.560280e-02  1.083462e-16
3.640618e-02  1.055775e-16
3.734036e-02  1.025252e-16
3.829852e-02  9.956602e-17
3.841443e-02  9.921935e-17
3.928126e-02  9.853577e-17
4.028922e-02  9.777005e-17
4.132304e-02  9.701946e-17
4.144811e-02  9.693058e-17
4.238339e-02  9.796265e-17
4.347095e-02  9.915725e-17
4.458642e-02  1.003723e-16
4.472136e-02  1.005190e-16
4.573051e-02  1.028581e-16
4.690395e-02  1.055842e-16
4.810751e-02  1.083952e-16
4.825311e-02  1.087354e-16
4.934195e-02  1.121439e-16
5.060807e-02  1.161100e-16
5.190667e-02  1.201880e-16
5.206377e-02  1.206839e-16
5.323860e-02  1.249136e-16
5.460470e-02  1.298977e-16
5.600586e-02  1.350809e-16
5.617536e-02  1.357131e-16
5.744297e-02  1.406726e-16
5.891696e-02  1.465223e-16
6.042877e-02  1.526189e-16
6.061166e-02  1.533629e-16
6.197938e-02  1.589123e-16
6.356977e-02  1.654609e-16
6.520097e-02  1.722775e-16
6.539831e-02  1.731090e-16
6.687403e-02  1.791558e-16
6.859002e-02  1.862832e-16
7.035004e-02  1.936988e-16
7.056296e-02  1.946024e-16
7.215523e-02  2.008865e-16
7.400673e-02  2.082744e-16
7.590575e-02  2.159358e-16
7.613548e-02  2.168687e-16
7.785349e-02  2.233045e-16
7.985122e-02  2.308462e-16
8.190020e-02  2.386493e-16
8.214808e-02  2.395974e-16
8.400176e-02  2.458122e-16
8.615725e-02  2.530745e-16
8.836805e-02  2.605583e-16
8.863550e-02  2.614666e-16
9.063558e-02  2.673360e-16
9.296129e-02  2.741497e-16
9.534668e-02  2.811642e-16
9.563525e-02  2.820139e-16
9.779328e-02  2.871397e-16
1.003027e-01  2.930831e-16
1.028764e-01  2.991686e-16
1.031878e-01  2.999036e-16
1.055162e-01  3.040432e-16
1.082238e-01  3.088394e-16
1.110008e-01  3.137393e-16
1.113368e-01  3.143317e-16
1.138491e-01  3.171944e-16
1.167705e-01  3.204981e-16
1.197668e-01  3.238706e-16
1.201293e-01  3.242780e-16
1.228400e-01  3.255774e-16
1.259921e-01  3.271038e-16
1.292251e-01  3.286965e-16
1.296162e-01  3.288902e-16
1.325410e-01  3.284936e-16
1.359420e-01  3.281152e-16
1.394303e-01  3.278103e-16
1.398523e-01  3.277739e-16
1.430081e-01  3.255154e-16
1.466776e-01  3.231167e-16
1.504414e-01  3.208415e-16
1.508967e-01  3.205781e-16
1.543017e-01  3.166253e-16
1.582611e-01  3.123214e-16
1.623221e-01  3.082378e-16
1.628134e-01  3.077678e-16
1.664873e-01  3.023427e-16
1.707594e-01  2.965213e-16
1.751411e-01  2.909988e-16
1.756711e-01  2.903660e-16
1.796352e-01  2.837462e-16
1.842446e-01  2.765859e-16
1.889724e-01  2.700238e-16
1.895443e-01  2.692619e-16
1.938214e-01  2.619124e-16
1.987949e-01  2.541678e-16
2.038959e-01  2.471024e-16
2.045130e-01  2.463002e-16
2.091279e-01  2.388344e-16
2.144941e-01  2.311328e-16
2.199981e-01  2.242740e-16
2.206639e-01  2.234998e-16
2.256432e-01  2.164966e-16
2.314332e-01  2.095349e-16
2.373718e-01  2.034164e-16
2.380902e-01  2.027503e-16
2.434628e-01  1.968664e-16
2.497101e-01  1.911542e-16
2.561176e-01  1.864771e-16
2.568928e-01  1.859764e-16
2.626896e-01  1.814850e-16
2.694302e-01  1.774933e-16
2.763438e-01  1.745784e-16
2.771802e-01  1.742865e-16
2.834348e-01  1.717399e-16
2.907078e-01  1.698333e-16
2.981673e-01  1.690274e-16
2.990698e-01  1.689594e-16
3.058183e-01  1.680891e-16
3.136656e-01  1.683927e-16
3.217143e-01  1.698051e-16
3.226880e-01  1.700351e-16
3.299695e-01  1.717392e-16
3.384365e-01  1.745399e-16
3.471208e-01  1.778462e-16
3.481714e-01  1.783368e-16
3.560280e-01  1.819376e-16
3.651636e-01  1.869826e-16
3.745338e-01  1.923045e-16
3.756673e-01  1.930320e-16
3.841443e-01  1.985776e-16
3.940015e-01  2.056430e-16
4.041116e-01  2.133321e-16
4.053346e-01  2.142756e-16
4.144811e-01  2.214082e-16
4.251167e-01  2.302306e-16
4.360252e-01  2.396116e-16
4.373448e-01  2.407670e-16
4.472136e-01  2.495161e-16
4.586891e-01  2.597260e-16
4.704591e-01  2.704022e-16
4.718830e-01  2.716926e-16
4.825311e-01  2.814383e-16
4.949129e-01  2.930983e-16
5.076123e-01  3.048630e-16
5.091486e-01  3.063234e-16
5.206377e-01  3.173240e-16
5.339973e-01  3.297588e-16
5.476997e-01  3.423597e-16
5.493573e-01  3.438877e-16
5.617536e-01  3.553643e-16
5.761683e-01  3.685415e-16
5.909528e-01  3.819859e-16
5.927413e-01  3.835597e-16
6.061166e-01  3.953160e-16
6.216696e-01  4.088462e-16
6.376217e-01  4.226930e-16
6.395515e-01  4.243077e-16
6.539831e-01  4.364229e-16
6.707643e-01  4.503752e-16
6.879761e-01  4.640158e-16
6.900583e-01  4.656091e-16
7.056296e-01  4.775445e-16
7.237361e-01  4.909006e-16
7.423072e-01  5.038270e-16
7.445538e-01  5.054060e-16
7.613548e-01  5.172197e-16
7.808912e-01  5.299787e-16
8.009289e-01  5.423931e-16
8.033530e-01  5.437175e-16
8.214808e-01  5.535969e-16
8.425600e-01  5.649010e-16
8.641801e-01  5.750942e-16
8.667956e-01  5.763232e-16
8.863550e-01  5.854799e-16
9.090989e-01  5.951902e-16
9.324264e-01  6.050414e-16
9.352484e-01  6.060612e-16
9.563525e-01  6.136447e-16
9.808925e-01  6.215365e-16
1.006062e+00  6.284781e-16
1.009107e+00  6.292647e-16
1.031878e+00  6.351033e-16
1.058356e+00  6.403310e-16
1.085513e+00  6.453562e-16
1.088799e+00  6.458114e-16
1.113368e+00  6.491820e-16
1.141937e+00  6.519128e-16
1.171239e+00  6.543407e-16
1.174784e+00  6.545724e-16
1.201293e+00  6.562854e-16
1.232118e+00  6.571123e-16
1.263734e+00  6.576391e-16
1.267559e+00  6.575600e-16
1.296162e+00  6.569766e-16
1.329421e+00  6.557306e-16
1.363534e+00  6.538892e-16
1.367661e+00  6.535681e-16
1.398523e+00  6.512022e-16
1.434409e+00  6.483283e-16
1.471216e+00  6.445406e-16
1.475668e+00  6.440678e-16
1.508967e+00  6.405867e-16
1.547687e+00  6.363727e-16
1.587401e+00  6.318049e-16
1.592205e+00  6.312316e-16
1.628134e+00  6.270140e-16
1.669912e+00  6.219912e-16
1.712762e+00  6.168806e-16
1.717946e+00  6.162607e-16
1.756711e+00  6.117033e-16
1.801789e+00  6.065301e-16
1.848023e+00  6.016618e-16
1.895443e+00  5.966210e-16
1.944080e+00  5.918769e-16
1.993965e+00  5.870978e-16
2.045130e+00  5.827280e-16
2.097608e+00  5.778946e-16
2.151433e+00  5.739477e-16
2.206639e+00  5.701584e-16
2.263261e+00  5.665511e-16
2.321337e+00  5.632166e-16
2.380902e+00  5.598966e-16
2.441996e+00  5.566289e-16
2.504658e+00  5.533339e-16
2.568928e+00  5.499582e-16
2.634847e+00  5.463761e-16
2.702457e+00  5.424427e-16
2.771802e+00  5.380339e-16
2.842926e+00  5.330211e-16
2.915876e+00  5.272809e-16
2.990698e+00  5.208613e-16
3.067439e+00  5.144742e-16
3.146150e+00  5.080950e-16
3.226880e+00  5.017114e-16
3.309682e+00  4.952750e-16
3.394608e+00  4.887671e-16
3.481714e+00  4.821910e-16
3.571055e+00  4.754611e-16
3.662688e+00  4.686527e-16
3.756673e+00  4.617207e-16
3.853069e+00  4.547022e-16
3.951939e+00  4.476415e-16
4.053346e+00  4.404911e-16
4.157355e+00  4.333689e-16
4.264033e+00  4.263090e-16
4.373448e+00  4.193674e-16
4.485671e+00  4.127052e-16
4.600774e+00  4.063635e-16
4.718830e+00  4.005238e-16
4.839915e+00  3.952926e-16
4.964107e+00  3.908311e-16
5.091486e+00  3.873214e-16
5.222134e+00  3.848943e-16
5.356134e+00  3.837710e-16
5.493573e+00  3.841100e-16
5.634538e+00  3.860848e-16
5.779121e+00  3.893279e-16
5.927413e+00  3.919600e-16
6.079511e+00  3.938036e-16
6.235511e+00  3.947136e-16
6.395515e+00  3.945992e-16
6.559624e+00  3.933539e-16
6.727944e+00  3.908245e-16
6.900583e+00  3.869269e-16
7.077652e+00  3.815179e-16
7.259265e+00  3.740701e-16
7.445538e+00  3.647243e-16
7.636591e+00  3.545722e-16
7.832546e+00  3.439697e-16
8.033530e+00  3.330180e-16
8.239670e+00  3.215767e-16
8.451100e+00  3.098097e-16
8.667956e+00  2.975101e-16
8.890376e+00  2.849207e-16
9.118503e+00  2.717222e-16
9.352484e+00  2.582603e-16
9.592470e+00  2.441043e-16
9.838613e+00  2.297169e-16
1.009107e+01  2.145210e-16
1.035001e+01  1.991554e-16
1.061559e+01  1.828518e-16
1.088799e+01  1.664279e-16
1.116737e+01  1.489915e-16
1.145393e+01  1.315941e-16
1.174784e+01  1.130028e-16
1.204929e+01  9.465653e-17
1.235847e+01  7.502376e-17
1.267559e+01  5.596925e-17
1.300085e+01  3.558215e-17
1.333445e+01  1.611893e-17
1.367661e+01  1.545360e-68
1.402755e+01  1.585014e-68
1.438750e+01  1.625685e-68
1.475668e+01  1.667401e-68
1.513534e+01  1.710186e-68
1.552372e+01  1.754070e-68
1.592205e+01  1.799079e-68
1.633061e+01  1.845244e-68
1.674966e+01  1.892593e-68
1.717946e+01  1.941157e-68
1.762028e+01  1.990967e-68
1.807242e+01  2.042055e-68
1.853616e+01  2.094454e-68
