1.000000e-03  2.363560e-18
1.078972e-03  4.299587e-18
1.164181e-03  7.343370e-18
1.256119e-03  9.811604e-18
1.355318e-03  1.204959e-17
1.462351e-03  1.480441e-17
1.577836e-03  1.821621e-17
1.702441e-03  2.231530e-17
1.836887e-03  2.733925e-17
1.981950e-03  3.336326e-17
2.138469e-03  4.066711e-17
2.307349e-03  4.938958e-17
2.489566e-03  5.985111e-17
2.686173e-03  7.220678e-17
2.898306e-03  8.696692e-17
3.127192e-03  1.041061e-16
3.374153e-03  1.244379e-16
3.640618e-03  1.476221e-16
3.928126e-03  1.748022e-16
4.238339e-03  2.051398e-16
4.573051e-03  2.401423e-16
4.934195e-03  2.782126e-16
5.323860e-03  3.209906e-16
5.744297e-03  3.664102e-16
6.197938e-03  4.154412e-16
6.687403e-03  4.658387e-16
7.215523e-03  5.173101e-16
7.785349e-03  5.676940e-16
8.400176e-03  6.151151e-16
9.063558e-03  6.576935e-16
9.779328e-03  6.922692e-16
1.000000e-02  6.995302e-16
1.025660e-02  7.078669e-16
1.051979e-02  7.163032e-16
1.055162e-02  7.173158e-16
1.078972e-02  7.210555e-16
1.106659e-02  7.253253e-16
1.135056e-02  7.296204e-16
1.138491e-02  7.301343e-16
1.164181e-02  7.298860e-16
1.194054e-02  7.296041e-16
1.224694e-02  7.293224e-16
1.228400e-02  7.292888e-16
1.256119e-02  7.247408e-16
1.288351e-02  7.196112e-16
1.321411e-02  7.145177e-16
1.325410e-02  7.139127e-16
1.355318e-02  7.048764e-16
1.390095e-02  6.947550e-16
1.425765e-02  6.847788e-16
1.430081e-02  6.835983e-16
1.462351e-02  6.704765e-16
1.499875e-02  6.558827e-16
1.538361e-02  6.416068e-16
1.543017e-02  6.399249e-16
1.577836e-02  6.230790e-16
1.618323e-02  6.044892e-16
1.659849e-02  5.864539e-16
1.664873e-02  5.843388e-16
1.702441e-02  5.647900e-16
1.746126e-02  5.433852e-16
1.790931e-02  5.227921e-16
1.796352e-02  5.203882e-16
1.836887e-02  4.991233e-16
1.884021e-02  4.760303e-16
1.932365e-02  4.540055e-16
1.938214e-02  4.514472e-16
1.981950e-02  4.297357e-16
2.032807e-02  4.063467e-16
2.084969e-02  3.842308e-16
2.091279e-02  3.816747e-16
2.138469e-02  3.605903e-16
2.193342e-02  3.380591e-16
2.249624e-02  3.169353e-16
2.256432e-02  3.145058e-16
2.307349e-02  2.952963e-16
2.366556e-02  2.749036e-16
2.427282e-02  2.559193e-16
2.434628e-02  2.537444e-16
2.489566e-02  2.368830e-16
2.553448e-02  2.190925e-16
2.618970e-02  2.026378e-16
2.626896e-02  2.007597e-16
2.686173e-02  1.871652e-16
2.755100e-02  1.728423e-16
2.825796e-02  1.596161e-16
2.834348e-02  1.581078e-16
2.898306e-02  1.474515e-16
2.972676e-02  1.362211e-16
3.048955e-02  1.258469e-16
3.058183e-02  1.246635e-16
3.127192e-02  1.173218e-16
3.207436e-02  1.095100e-16
3.289738e-02  1.022202e-16
3.299695e-02  1.013838e-16
3.374153e-02  9.654272e-17
3.460734e-02  9.132795e-17
3.549537e-02  8.639787e-17
3.560280e-02  8.582809e-17
3.640618e-02  8.340399e-17
3.734036e-02  8.073798e-17
3.829852e-02  7.816162e-17
3.841443e-02  7.786018e-17
3.928126e-02  7.710578e-17
4.028922e-02  7.626291e-17
4.132304e-02  7.543527e-17
4.144811e-02  7.533754e-17
4.238339e-02  7.598663e-17
4.347095e-02  7.673644e-17
4.458642e-02  7.750085e-17
4.472136e-02  7.759295e-17
4.573051e-02  7.931031e-17
4.690395e-02  8.131318e-17
4.810751e-02  8.337162e-17
4.825311e-02  8.362132e-17
4.934195e-02  8.618036e-17
5.060807e-02  8.915263e-17
5.190667e-02  9.220140e-17
5.206377e-02  9.257203e-17
5.323860e-02  9.582677e-17
5.460470e-02  9.966195e-17
5.600586e-02  1.036519e-16
5.617536e-02  1.041385e-16
5.744297e-02  1.079507e-16
5.891696e-02  1.124483e-16
6.042877e-02  1.171352e-16
6.061166e-02  1.177072e-16
6.197938e-02  1.220488e-16
6.356977e-02  1.271743e-16
6.520097e-02  1.325150e-16
6.539831e-02  1.331665e-16
6.687403e-02  1.378668e-16
6.859002e-02  1.434106e-16
7.035004e-02  1.491799e-16
7.056296e-02  1.498833e-16
7.215523e-02  1.548543e-16
7.400673e-02  1.607019e-16
7.590575e-02  1.667727e-16
7.613548e-02  1.675122e-16
7.785349e-02  1.725840e-16
7.985122e-02  1.785321e-16
8.190020e-02  1.846896e-16
8.214808e-02  1.854380e-16
8.400176e-02  1.904375e-16
8.615725e-02  1.962844e-16
8.836805e-02  2.023186e-16
8.863550e-02  2.030508e-16
9.063558e-02  2.077556e-16
9.296129e-02  2.132224e-16
9.534668e-02  2.188550e-16
9.563525e-02  2.195375e-16
9.779328e-02  2.237586e-16
1.003027e-01  2.286574e-16
1.028764e-01  2.336757e-16
1.031878e-01  2.342824e-16
1.055162e-01  2.377127e-16
1.082238e-01  2.416848e-16
1.110008e-01  2.457467e-16
1.113368e-01  2.462378e-16
1.138491e-01  2.487280e-16
1.167705e-01  2.516015e-16
1.197668e-01  2.545313e-16
1.201293e-01  2.548850e-16
1.228400e-01  2.561363e-16
1.259921e-01  2.575980e-16
1.292251e-01  2.591101e-16
1.296162e-01  2.592934e-16
1.325410e-01  2.592070e-16
1.359420e-01  2.591619e-16
1.394303e-01  2.591735e-16
1.398523e-01  2.591740e-16
1.430081e-01  2.576307e-16
1.466776e-01  2.560014e-16
1.504414e-01  2.544660e-16
1.508967e-01  2.542868e-16
1.543017e-01  2.513087e-16
1.582611e-01  2.480798e-16
1.623221e-01  2.449871e-16
1.628134e-01  2.446342e-16
1.664873e-01  2.405233e-16
1.707594e-01  2.360785e-16
1.751411e-01  2.318901e-16
1.756711e-01  2.314055e-16
1.796352e-01  2.261696e-16
1.842446e-01  2.205309e-16
1.889724e-01  2.153030e-16
1.895443e-01  2.147009e-16
1.938214e-01  2.089651e-16
1.987949e-01  2.028509e-16
2.038959e-01  1.972880e-16
2.045130e-01  1.966535e-16
2.091279e-01  1.905861e-16
2.144941e-01  1.843173e-16
2.199981e-01  1.786908e-16
2.206639e-01  1.780558e-16
2.256432e-01  1.724143e-16
2.314332e-01  1.667631e-16
2.373718e-01  1.617935e-16
2.380902e-01  1.612459e-16
2.434628e-01  1.562977e-16
2.497101e-01  1.514828e-16
2.561176e-01  1.474676e-16
2.568928e-01  1.470366e-16
2.626896e-01  1.432740e-16
2.694302e-01  1.398683e-16
2.763438e-01  1.373002e-16
2.771802e-01  1.370343e-16
2.834348e-01  1.346649e-16
2.907078e-01  1.328220e-16
2.981673e-01  1.317825e-16
2.990698e-01  1.316935e-16
3.058183e-01  1.307742e-16
3.136656e-01  1.306589e-16
3.217143e-01  1.315633e-16
3.226880e-01  1.317085e-16
3.299695e-01  1.327361e-16
3.384365e-01  1.346220e-16
3.471208e-01  1.369063e-16
3.481714e-01  1.372536e-16
3.560280e-01  1.398259e-16
3.651636e-01  1.435545e-16
3.745338e-01  1.474460e-16
3.756673e-01  1.479818e-16
3.841443e-01  1.520319e-16
3.940015e-01  1.573668e-16
4.041116e-01  1.631035e-16
4.053346e-01  1.638197e-16
4.144811e-01  1.692525e-16
4.251167e-01  1.759712e-16
4.360252e-01  1.831363e-16
4.373448e-01  1.840214e-16
4.472136e-01  1.907144e-16
4.586891e-01  1.985128e-16
4.704591e-01  2.066597e-16
4.718830e-01  2.076543e-16
4.825311e-01  2.151751e-16
4.949129e-01  2.240855e-16
5.076123e-01  2.332019e-16
5.091486e-01  2.343229e-16
5.206377e-01  2.427644e-16
5.339973e-01  2.524303e-16
5.476997e-01  2.621128e-16
5.493573e-01  2.632968e-16
5.617536e-01  2.721926e-16
5.761683e-01  2.824338e-16
5.909528e-01  2.928667e-16
5.927413e-01  2.940884e-16
6.061166e-01  3.032083e-16
6.216696e-01  3.137214e-16
6.376217e-01  3.245105e-16
6.395515e-01  3.257724e-16
6.539831e-01  3.352431e-16
6.707643e-01  3.461920e-16
6.879761e-01  3.568662e-16
6.900583e-01  3.581189e-16
7.056296e-01  3.675064e-16
7.237361e-01  3.779271e-16
7.423072e-01  3.881408e-16
7.445538e-01  3.893767e-16
7.613548e-01  3.986250e-16
7.808912e-01  4.086827e-16
8.009289e-01  4.184079e-16
8.033530e-01  4.194479e-16
8.214808e-01  4.272074e-16
8.425600e-01  4.361843e-16
8.641801e-01  4.441812e-16
8.667956e-01  4.451485e-16
8.863550e-01  4.523569e-16
9.090989e-01  4.601687e-16
9.324264e-01  4.679701e-16
9.352484e-01  4.687940e-16
9.563525e-01  4.749231e-16
9.808925e-01  4.811125e-16
1.006062e+00  4.868610e-16
1.009107e+00  4.874757e-16
1.031878e+00  4.920386e-16
1.058356e+00  4.964209e-16
1.085513e+00  5.002878e-16
1.088799e+00  5.006817e-16
1.113368e+00  5.035994e-16
1.141937e+00  5.056943e-16
1.171239e+00  5.078068e-16
1.174784e+00  5.079962e-16
1.201293e+00  5.093965e-16
1.232118e+00  5.102413e-16
1.263734e+00  5.106961e-16
1.267559e+00  5.106424e-16
1.296162e+00  5.102457e-16
1.329421e+00  5.093734e-16
1.363534e+00  5.079416e-16
1.367661e+00  5.077035e-16
1.398523e+00  5.059489e-16
1.434409e+00  5.037782e-16
1.471216e+00  5.008230e-16
1.475668e+00  5.004507e-16
1.508967e+00  4.977098e-16
1.547687e+00  4.944476e-16
1.587401e+00  4.908841e-16
1.592205e+00  4.904385e-16
1.628134e+00  4.871601e-16
1.669912e+00  4.832417e-16
1.712762e+00  4.792469e-16
1.717946e+00  4.787624e-16
1.756711e+00  4.751999e-16
1.801789e+00  4.712245e-16
1.848023e+00  4.675001e-16
1.895443e+00  4.636656e-16
1.944080e+00  4.599928e-16
1.993965e+00  4.563984e-16
2.045130e+00  4.530585e-16
2.097608e+00  4.493982e-16
2.151433e+00  4.464994e-16
2.206639e+00  4.437413e-16
2.263261e+00  4.411674e-16
2.321337e+00  4.388520e-16
2.380902e+00  4.365751e-16
2.441996e+00  4.343853e-16
2.504658e+00  4.322033e-16
2.568928e+00  4.299926e-16
2.634847e+00  4.276625e-16
2.702457e+00  4.250623e-16
2.771802e+00  4.221152e-16
2.842926e+00  4.186701e-16
2.915876e+00  4.146321e-16
2.990698e+00  4.100327e-16
3.067439e+00  4.054342e-16
3.146150e+00  4.008338e-16
3.226880e+00  3.961865e-16
3.309682e+00  3.914788e-16
3.394608e+00  3.867142e-16
3.481714e+00  3.818309e-16
3.571055e+00  3.768670e-16
3.662688e+00  3.717698e-16
3.756673e+00  3.665635e-16
3.853069e+00  3.612542e-16
3.951939e+00  3.558459e-16
4.053346e+00  3.504053e-16
4.157355e+00  3.449387e-16
4.264033e+00  3.394981e-16
4.373448e+00  3.341122e-16
4.485671e+00  3.288770e-16
4.600774e+00  3.238829e-16
4.718830e+00  3.192328e-16
4.839915e+00  3.150335e-16
4.964107e+00  3.114588e-16
5.091486e+00  3.086165e-16
5.222134e+00  3.067167e-16
5.356134e+00  3.058862e-16
5.493573e+00  3.063495e-16
5.634538e+00  3.082674e-16
5.779121e+00  3.113425e-16
5.927413e+00  3.139908e-16
6.079511e+00  3.160051e-16
6.235511e+00  3.172887e-16
6.395515e+00  3.177586e-16
6.559624e+00  3.173035e-16
6.727944e+00  3.158144e-16
6.900583e+00  3.131829e-16
7.077652e+00  3.092733e-16
7.259265e+00  3.039839e-16
7.445538e+00  2.971863e-16
7.636591e+00  2.894163e-16
7.832546e+00  2.811038e-16
8.033530e+00  2.724574e-16
8.239670e+00  2.634634e-16
8.451100e+00  2.541273e-16
8.667956e+00  2.444483e-16
8.890376e+00  2.344245e-16
9.118503e+00  2.240327e-16
9.352484e+00  2.132713e-16
9.592470e+00  2.021137e-16
9.838613e+00  1.905570e-16
1.009107e+01  1.785738e-16
1.035001e+01  1.661199e-16
1.061559e+01  1.531861e-16
1.088799e+01  1.397793e-16
1.116737e+01  1.258311e-16
1.145393e+01  1.113269e-16
1.174784e+01  9.627497e-17
1.204929e+01  8.134114e-17
1.235847e+01  6.530601e-17
1.267559e+01  4.870509e-17
1.300085e+01  3.159418e-17
1.333445e+01  1.407738e-17
1.367661e+01  1.347599e-68
1.402755e+01  1.382178e-68
1.438750e+01  1.417645e-68
1.475668e+01  1.454022e-68
1.513534e+01  1.491332e-68
1.552372e+01  1.529600e-68
1.592205e+01  1.568849e-68
1.633061e+01  1.609106e-68
1.674966e+01  1.650396e-68
1.717946e+01  1.692745e-68
1.762028e+01  1.736181e-68
1.807242e+01  1.780731e-68
1.853616e+01  1.826425e-68
