1.000000e-03  1.777724e-18
1.078972e-03  3.399487e-18
1.164181e-03  5.950951e-18
1.256119e-03  8.057717e-18
1.355318e-03  9.880186e-18
1.462351e-03  1.216066e-17
1.577836e-03  1.494556e-17
1.702441e-03  1.833554e-17
1.836887e-03  2.244495e-17
1.981950e-03  2.744424e-17
2.138469e-03  3.341841e-17
2.307349e-03  4.065489e-17
2.489566e-03  4.922652e-17
2.686173e-03  5.951730e-17
2.898306e-03  7.163047e-17
3.127192e-03  8.592647e-17
3.374153e-03  1.026294e-16
3.640618e-03  1.219989e-16
3.928126e-03  1.444516e-16
4.238339e-03  1.698720e-16
4.573051e-03  1.988674e-16
4.934195e-03  2.308575e-16
5.323860e-03  2.664692e-16
5.744297e-03  3.048945e-16
6.197938e-03  3.459053e-16
6.687403e-03  3.886364e-16
7.215523e-03  4.321151e-16
7.785349e-03  4.752650e-16
8.400176e-03  5.158090e-16
9.063558e-03  5.527022e-16
9.779328e-03  5.827317e-16
1.000000e-02  5.892563e-16
1.025660e-02  5.967532e-16
1.051979e-02  6.043456e-16
1.055162e-02  6.052573e-16
1.078972e-02  6.087743e-16
1.106659e-02  6.127924e-16
1.135056e-02  6.168370e-16
1.138491e-02  6.173211e-16
1.164181e-02  6.175372e-16
1.194054e-02  6.177827e-16
1.224694e-02  6.180283e-16
1.228400e-02  6.180576e-16
1.256119e-02  6.145691e-16
1.288351e-02  6.106321e-16
1.321411e-02  6.067202e-16
1.325410e-02  6.062553e-16
1.355318e-02  5.990055e-16
1.390095e-02  5.908790e-16
1.425765e-02  5.828626e-16
1.430081e-02  5.819136e-16
1.462351e-02  5.710431e-16
1.499875e-02  5.589464e-16
1.538361e-02  5.471061e-16
1.543017e-02  5.457107e-16
1.577836e-02  5.317189e-16
1.618323e-02  5.162669e-16
1.659849e-02  5.012640e-16
1.664873e-02  4.995037e-16
1.702441e-02  4.829776e-16
1.746126e-02  4.648751e-16
1.790931e-02  4.474515e-16
1.796352e-02  4.454171e-16
1.836887e-02  4.275589e-16
1.884021e-02  4.081488e-16
1.932365e-02  3.896197e-16
1.938214e-02  3.874663e-16
1.981950e-02  3.688663e-16
2.032807e-02  3.488274e-16
2.084969e-02  3.298771e-16
2.091279e-02  3.276867e-16
2.138469e-02  3.098019e-16
2.193342e-02  2.906754e-16
2.249624e-02  2.727294e-16
2.256432e-02  2.706645e-16
2.307349e-02  2.540371e-16
2.366556e-02  2.363927e-16
2.427282e-02  2.199739e-16
2.434628e-02  2.180934e-16
2.489566e-02  2.037245e-16
2.553448e-02  1.885540e-16
2.618970e-02  1.745131e-16
2.626896e-02  1.729098e-16
2.686173e-02  1.610612e-16
2.755100e-02  1.485893e-16
2.825796e-02  1.370831e-16
2.834348e-02  1.357717e-16
2.898306e-02  1.265919e-16
2.972676e-02  1.169200e-16
3.048955e-02  1.079878e-16
3.058183e-02  1.069690e-16
3.127192e-02  1.005009e-16
3.207436e-02  9.363071e-17
3.289738e-02  8.723166e-17
3.299695e-02  8.649828e-17
3.374153e-02  8.225037e-17
3.460734e-02  7.768115e-17
3.549537e-02  7.336813e-17
3.560280e-02  7.287011e-17
3.640618e-02  7.067767e-17
3.734036e-02  6.827104e-17
3.829852e-02  6.594997e-17
3.841443e-02  6.567870e-17
3.928126e-02  6.493422e-17
4.028922e-02  6.410320e-17
4.132304e-02  6.328796e-17
4.144811e-02  6.319174e-17
4.238339e-02  6.366009e-17
4.347095e-02  6.420120e-17
4.458642e-02  6.475333e-17
4.472136e-02  6.481988e-17
4.573051e-02  6.619003e-17
4.690395e-02  6.778710e-17
4.810751e-02  6.942994e-17
4.825311e-02  6.962893e-17
4.934195e-02  7.174619e-17
5.060807e-02  7.420213e-17
5.190667e-02  7.672055e-17
5.206377e-02  7.702664e-17
5.323860e-02  7.970686e-17
5.460470e-02  8.286380e-17
5.600586e-02  8.614673e-17
5.617536e-02  8.654702e-17
5.744297e-02  8.974643e-17
5.891696e-02  9.352229e-17
6.042877e-02  9.745837e-17
6.061166e-02  9.793889e-17
6.197938e-02  1.015569e-16
6.356977e-02  1.058287e-16
6.520097e-02  1.102796e-16
6.539831e-02  1.108226e-16
6.687403e-02  1.148019e-16
6.859002e-02  1.194975e-16
7.035004e-02  1.243874e-16
7.056296e-02  1.249837e-16
7.215523e-02  1.291522e-16
7.400673e-02  1.340570e-16
7.590575e-02  1.391503e-16
7.613548e-02  1.397707e-16
7.785349e-02  1.440972e-16
7.985122e-02  1.491743e-16
8.190020e-02  1.544333e-16
8.214808e-02  1.550729e-16
8.400176e-02  1.592988e-16
8.615725e-02  1.642419e-16
8.836805e-02  1.693442e-16
8.863550e-02  1.699637e-16
9.063558e-02  1.740319e-16
9.296129e-02  1.787592e-16
9.534668e-02  1.836333e-16
9.563525e-02  1.842244e-16
9.779328e-02  1.878499e-16
1.003027e-01  1.920557e-16
1.028764e-01  1.963676e-16
1.031878e-01  1.968889e-16
1.055162e-01  1.999049e-16
1.082238e-01  2.033977e-16
1.110008e-01  2.069712e-16
1.113368e-01  2.074033e-16
1.138491e-01  2.096107e-16
1.167705e-01  2.121576e-16
1.197668e-01  2.147566e-16
1.201293e-01  2.150700e-16
1.228400e-01  2.162538e-16
1.259921e-01  2.176355e-16
1.292251e-01  2.190596e-16
1.296162e-01  2.192320e-16
1.325410e-01  2.193005e-16
1.359420e-01  2.194230e-16
1.394303e-01  2.195839e-16
1.398523e-01  2.196030e-16
1.430081e-01  2.184033e-16
1.466776e-01  2.171342e-16
1.504414e-01  2.159504e-16
1.508967e-01  2.158121e-16
1.543017e-01  2.134268e-16
1.582611e-01  2.108384e-16
1.623221e-01  2.083585e-16
1.628134e-01  2.080759e-16
1.664873e-01  2.046447e-16
1.707594e-01  2.009265e-16
1.751411e-01  1.974237e-16
1.756711e-01  1.970166e-16
1.796352e-01  1.926597e-16
1.842446e-01  1.879777e-16
1.889724e-01  1.836271e-16
1.895443e-01  1.831248e-16
1.938214e-01  1.782061e-16
1.987949e-01  1.729643e-16
2.038959e-01  1.681794e-16
2.045130e-01  1.676333e-16
2.091279e-01  1.625166e-16
2.144941e-01  1.572133e-16
2.199981e-01  1.524430e-16
2.206639e-01  1.519042e-16
2.256432e-01  1.470027e-16
2.314332e-01  1.420707e-16
2.373718e-01  1.377282e-16
2.380902e-01  1.372492e-16
2.434628e-01  1.330021e-16
2.497101e-01  1.288293e-16
2.561176e-01  1.253443e-16
2.568928e-01  1.249664e-16
2.626896e-01  1.215732e-16
2.694302e-01  1.184851e-16
2.763438e-01  1.161147e-16
2.771802e-01  1.158683e-16
2.834348e-01  1.137704e-16
2.907078e-01  1.120858e-16
2.981673e-01  1.111105e-16
2.990698e-01  1.110173e-16
3.058183e-01  1.100388e-16
3.136656e-01  1.097521e-16
3.217143e-01  1.102991e-16
3.226880e-01  1.104015e-16
3.299695e-01  1.111594e-16
3.384365e-01  1.126494e-16
3.471208e-01  1.144459e-16
3.481714e-01  1.147260e-16
3.560280e-01  1.167543e-16
3.651636e-01  1.197349e-16
3.745338e-01  1.228598e-16
3.756673e-01  1.232948e-16
3.841443e-01  1.266028e-16
3.940015e-01  1.310146e-16
4.041116e-01  1.357355e-16
4.053346e-01  1.363261e-16
4.144811e-01  1.407942e-16
4.251167e-01  1.463103e-16
4.360252e-01  1.522805e-16
4.373448e-01  1.530129e-16
4.472136e-01  1.585617e-16
4.586891e-01  1.651008e-16
4.704591e-01  1.718561e-16
4.718830e-01  1.726837e-16
4.825311e-01  1.789385e-16
4.949129e-01  1.863638e-16
5.076123e-01  1.939995e-16
5.091486e-01  1.949402e-16
5.206377e-01  2.020281e-16
5.339973e-01  2.101481e-16
5.476997e-01  2.182329e-16
5.493573e-01  2.192257e-16
5.617536e-01  2.266842e-16
5.761683e-01  2.352600e-16
5.909528e-01  2.440194e-16
5.927413e-01  2.450487e-16
6.061166e-01  2.527316e-16
6.216696e-01  2.615163e-16
6.376217e-01  2.706407e-16
6.395515e-01  2.716934e-16
6.539831e-01  2.795946e-16
6.707643e-01  2.888216e-16
6.879761e-01  2.978034e-16
6.900583e-01  2.988610e-16
7.056296e-01  3.067871e-16
7.237361e-01  3.155221e-16
7.423072e-01  3.241671e-16
7.445538e-01  3.252069e-16
7.613548e-01  3.329886e-16
7.808912e-01  3.416214e-16
8.009289e-01  3.498016e-16
8.033530e-01  3.506914e-16
8.214808e-01  3.573322e-16
8.425600e-01  3.649793e-16
8.641801e-01  3.716946e-16
8.667956e-01  3.725243e-16
8.863550e-01  3.787086e-16
9.090989e-01  3.852665e-16
9.324264e-01  3.919244e-16
9.352484e-01  3.926250e-16
9.563525e-01  3.978370e-16
9.808925e-01  4.031047e-16
1.006062e+00  4.080324e-16
1.009107e+00  4.085574e-16
1.031878e+00  4.124550e-16
1.058356e+00  4.162129e-16
1.085513e+00  4.196377e-16
1.088799e+00  4.199705e-16
1.113368e+00  4.224357e-16
1.141937e+00  4.243389e-16
1.171239e+00  4.261447e-16
1.174784e+00  4.263133e-16
1.201293e+00  4.275606e-16
1.232118e+00  4.282729e-16
1.263734e+00  4.287661e-16
1.267559e+00  4.287241e-16
1.296162e+00  4.284141e-16
1.329421e+00  4.277180e-16
1.363534e+00  4.265716e-16
1.367661e+00  4.263687e-16
1.398523e+00  4.248738e-16
1.434409e+00  4.230571e-16
1.471216e+00  4.205915e-16
1.475668e+00  4.202789e-16
1.508967e+00  4.179773e-16
1.547687e+00  4.152309e-16
1.587401e+00  4.122242e-16
1.592205e+00  4.118475e-16
1.628134e+00  4.090766e-16
1.669912e+00  4.057619e-16
1.712762e+00  4.024383e-16
1.717946e+00  4.020319e-16
1.756711e+00  3.990438e-16
1.801789e+00  3.957043e-16
1.848023e+00  3.925633e-16
1.895443e+00  3.893657e-16
1.944080e+00  3.863071e-16
1.993965e+00  3.833380e-16
2.045130e+00  3.805186e-16
2.097608e+00  3.775076e-16
2.151433e+00  3.751430e-16
2.206639e+00  3.729144e-16
2.263261e+00  3.708586e-16
2.321337e+00  3.690578e-16
2.380902e+00  3.672990e-16
2.441996e+00  3.656280e-16
2.504658e+00  3.639889e-16
2.568928e+00  3.623399e-16
2.634847e+00  3.606059e-16
2.702457e+00  3.586646e-16
2.771802e+00  3.564153e-16
2.842926e+00  3.537684e-16
2.915876e+00  3.505820e-16
2.990698e+00  3.469417e-16
3.067439e+00  3.432866e-16
3.146150e+00  3.396434e-16
3.226880e+00  3.359372e-16
3.309682e+00  3.321575e-16
3.394608e+00  3.282882e-16
3.481714e+00  3.243513e-16
3.571055e+00  3.202754e-16
3.662688e+00  3.161165e-16
3.756673e+00  3.118440e-16
3.853069e+00  3.074550e-16
3.951939e+00  3.029762e-16
4.053346e+00  2.984248e-16
4.157355e+00  2.938660e-16
4.264033e+00  2.893044e-16
4.373448e+00  2.847914e-16
4.485671e+00  2.803891e-16
4.600774e+00  2.761730e-16
4.718830e+00  2.722172e-16
4.839915e+00  2.686586e-16
4.964107e+00  2.655816e-16
5.091486e+00  2.631740e-16
5.222134e+00  2.615467e-16
5.356134e+00  2.608952e-16
5.493573e+00  2.613806e-16
5.634538e+00  2.631972e-16
5.779121e+00  2.660869e-16
5.927413e+00  2.686344e-16
6.079511e+00  2.706330e-16
6.235511e+00  2.720290e-16
6.395515e+00  2.727201e-16
6.559624e+00  2.726274e-16
6.727944e+00  2.716313e-16
6.900583e+00  2.696372e-16
7.077652e+00  2.665335e-16
7.259265e+00  2.621737e-16
7.445538e+00  2.564872e-16
7.636591e+00  2.502068e-16
7.832546e+00  2.435586e-16
8.033530e+00  2.362371e-16
8.239670e+00  2.286070e-16
8.451100e+00  2.206762e-16
8.667956e+00  2.124502e-16
8.890376e+00  2.039241e-16
9.118503e+00  1.950868e-16
9.352484e+00  1.859244e-16
9.592470e+00  1.764352e-16
9.838613e+00  1.665931e-16
1.009107e+01  1.563824e-16
1.035001e+01  1.457813e-16
1.061559e+01  1.347498e-16
1.088799e+01  1.232772e-16
1.116737e+01  1.113296e-16
1.145393e+01  9.890078e-17
1.174784e+01  8.590756e-17
1.204929e+01  7.240575e-17
1.235847e+01  5.834153e-17
1.267559e+01  4.375088e-17
1.300085e+01  2.864233e-17
1.333445e+01  1.295615e-17
1.367661e+01  1.229753e-68
1.402755e+01  1.261308e-68
1.438750e+01  1.293674e-68
1.475668e+01  1.326869e-68
1.513534e+01  1.360917e-68
1.552372e+01  1.395838e-68
1.592205e+01  1.431655e-68
1.633061e+01  1.468392e-68
1.674966e+01  1.506071e-68
1.717946e+01  1.544716e-68
1.762028e+01  1.584354e-68
1.807242e+01  1.625008e-68
1.853616e+01  1.666706e-68
