1.000000e-03  1.812749e-18
1.078972e-03  3.445053e-18
1.164181e-03  6.034317e-18
1.256119e-03  8.173455e-18
1.355318e-03  1.001851e-17
1.462351e-03  1.233269e-17
1.577836e-03  1.515833e-17
1.702441e-03  1.859730e-17
1.836887e-03  2.276639e-17
1.981950e-03  2.782746e-17
2.138469e-03  3.388890e-17
2.307349e-03  4.124019e-17
2.489566e-03  4.991542e-17
2.686173e-03  6.034956e-17
2.898306e-03  7.262201e-17
3.127192e-03  8.711637e-17
3.374153e-03  1.040871e-16
3.640618e-03  1.236861e-16
3.928126e-03  1.464548e-16
4.238339e-03  1.721853e-16
4.573051e-03  2.015919e-16
4.934195e-03  2.339944e-16
5.323860e-03  2.700408e-16
5.744297e-03  3.089284e-16
6.197938e-03  3.504741e-16
6.687403e-03  3.937829e-16
7.215523e-03  4.377903e-16
7.785349e-03  4.814183e-16
8.400176e-03  5.223153e-16
9.063558e-03  5.596984e-16
9.779328e-03  5.900392e-16
1.000000e-02  5.966200e-16
1.025660e-02  6.041811e-16
1.051979e-02  6.118382e-16
1.055162e-02  6.127577e-16
1.078972e-02  6.162758e-16
1.106659e-02  6.202949e-16
1.135056e-02  6.243402e-16
1.138491e-02  6.248244e-16
1.164181e-02  6.250181e-16
1.194054e-02  6.252380e-16
1.224694e-02  6.254581e-16
1.228400e-02  6.254843e-16
1.256119e-02  6.219216e-16
1.288351e-02  6.179010e-16
1.321411e-02  6.139063e-16
1.325410e-02  6.134316e-16
1.355318e-02  6.060774e-16
1.390095e-02  5.978341e-16
1.425765e-02  5.897028e-16
1.430081e-02  5.887402e-16
1.462351e-02  5.777105e-16
1.499875e-02  5.654374e-16
1.538361e-02  5.534253e-16
1.543017e-02  5.520096e-16
1.577836e-02  5.378414e-16
1.618323e-02  5.221951e-16
1.659849e-02  5.070040e-16
1.664873e-02  5.052217e-16
1.702441e-02  4.884895e-16
1.746126e-02  4.701619e-16
1.790931e-02  4.525223e-16
1.796352e-02  4.504627e-16
1.836887e-02  4.323561e-16
1.884021e-02  4.126783e-16
1.932365e-02  3.938959e-16
1.938214e-02  3.917133e-16
1.981950e-02  3.729203e-16
2.032807e-02  3.526727e-16
2.084969e-02  3.335245e-16
2.091279e-02  3.313112e-16
2.138469e-02  3.132173e-16
2.193342e-02  2.938680e-16
2.249624e-02  2.757137e-16
2.256432e-02  2.736248e-16
2.307349e-02  2.568486e-16
2.366556e-02  2.390438e-16
2.427282e-02  2.224733e-16
2.434628e-02  2.205752e-16
2.489566e-02  2.060249e-16
2.553448e-02  1.906644e-16
2.618970e-02  1.764489e-16
2.626896e-02  1.748258e-16
2.686173e-02  1.628169e-16
2.755100e-02  1.501788e-16
2.825796e-02  1.385216e-16
2.834348e-02  1.371931e-16
2.898306e-02  1.279397e-16
2.972676e-02  1.181883e-16
3.048955e-02  1.091810e-16
3.058183e-02  1.081535e-16
3.127192e-02  1.016155e-16
3.207436e-02  9.467113e-17
3.289738e-02  8.820280e-17
3.299695e-02  8.746145e-17
3.374153e-02  8.319245e-17
3.460734e-02  7.859922e-17
3.549537e-02  7.426200e-17
3.560280e-02  7.376108e-17
3.640618e-02  7.154453e-17
3.734036e-02  6.911137e-17
3.829852e-02  6.676465e-17
3.841443e-02  6.649030e-17
3.928126e-02  6.574060e-17
4.028922e-02  6.490440e-17
4.132304e-02  6.408404e-17
4.144811e-02  6.398721e-17
4.238339e-02  6.446800e-17
4.347095e-02  6.502347e-17
4.458642e-02  6.559021e-17
4.472136e-02  6.565853e-17
4.573051e-02  6.705101e-17
4.690395e-02  6.867408e-17
4.810751e-02  7.034385e-17
4.825311e-02  7.054611e-17
4.934195e-02  7.269552e-17
5.060807e-02  7.518874e-17
5.190667e-02  7.774566e-17
5.206377e-02  7.805646e-17
5.323860e-02  8.077299e-17
5.460470e-02  8.397261e-17
5.600586e-02  8.729998e-17
5.617536e-02  8.770564e-17
5.744297e-02  9.094695e-17
5.891696e-02  9.477288e-17
6.042877e-02  9.876118e-17
6.061166e-02  9.924804e-17
6.197938e-02  1.029094e-16
6.356977e-02  1.072328e-16
6.520097e-02  1.117368e-16
6.539831e-02  1.122864e-16
6.687403e-02  1.163162e-16
6.859002e-02  1.210711e-16
7.035004e-02  1.260228e-16
7.056296e-02  1.266266e-16
7.215523e-02  1.308450e-16
7.400673e-02  1.358082e-16
7.590575e-02  1.409614e-16
7.613548e-02  1.415892e-16
7.785349e-02  1.459737e-16
7.985122e-02  1.511189e-16
8.190020e-02  1.564489e-16
8.214808e-02  1.570970e-16
8.400176e-02  1.613722e-16
8.615725e-02  1.663734e-16
8.836805e-02  1.715359e-16
8.863550e-02  1.721624e-16
9.063558e-02  1.762728e-16
9.296129e-02  1.810512e-16
9.534668e-02  1.859766e-16
9.563525e-02  1.865740e-16
9.779328e-02  1.902354e-16
1.003027e-01  1.944834e-16
1.028764e-01  1.988387e-16
1.031878e-01  1.993650e-16
1.055162e-01  2.024102e-16
1.082238e-01  2.059393e-16
1.110008e-01  2.095486e-16
1.113368e-01  2.099852e-16
1.138491e-01  2.122154e-16
1.167705e-01  2.147856e-16
1.197668e-01  2.174104e-16
1.201293e-01  2.177269e-16
1.228400e-01  2.189157e-16
1.259921e-01  2.203052e-16
1.292251e-01  2.217367e-16
1.296162e-01  2.219098e-16
1.325410e-01  2.219679e-16
1.359420e-01  2.220793e-16
1.394303e-01  2.222324e-16
1.398523e-01  2.222498e-16
1.430081e-01  2.210240e-16
1.466776e-01  2.197306e-16
1.504414e-01  2.185211e-16
1.508967e-01  2.183799e-16
1.543017e-01  2.159585e-16
1.582611e-01  2.133349e-16
1.623221e-01  2.108176e-16
1.628134e-01  2.105305e-16
1.664873e-01  2.070421e-16
1.707594e-01  2.032684e-16
1.751411e-01  1.997108e-16
1.756711e-01  1.992982e-16
1.796352e-01  1.949042e-16
1.842446e-01  1.901759e-16
1.889724e-01  1.857842e-16
1.895443e-01  1.852761e-16
1.938214e-01  1.802939e-16
1.987949e-01  1.749827e-16
2.038959e-01  1.701432e-16
2.045130e-01  1.695915e-16
2.091279e-01  1.644081e-16
2.144941e-01  1.590346e-16
2.199981e-01  1.542014e-16
2.206639e-01  1.536557e-16
2.256432e-01  1.487049e-16
2.314332e-01  1.437267e-16
2.373718e-01  1.393315e-16
2.380902e-01  1.388467e-16
2.434628e-01  1.345408e-16
2.497101e-01  1.303208e-16
2.561176e-01  1.267926e-16
2.568928e-01  1.264117e-16
2.626896e-01  1.230140e-16
2.694302e-01  1.199133e-16
2.763438e-01  1.175582e-16
2.771802e-01  1.173145e-16
2.834348e-01  1.152196e-16
2.907078e-01  1.135257e-16
2.981673e-01  1.125186e-16
2.990698e-01  1.124238e-16
3.058183e-01  1.114270e-16
3.136656e-01  1.111502e-16
3.217143e-01  1.117254e-16
3.226880e-01  1.118281e-16
3.299695e-01  1.125908e-16
3.384365e-01  1.141117e-16
3.471208e-01  1.159633e-16
3.481714e-01  1.162475e-16
3.560280e-01  1.183038e-16
3.651636e-01  1.213039e-16
3.745338e-01  1.244492e-16
3.756673e-01  1.248905e-16
3.841443e-01  1.282554e-16
3.940015e-01  1.327546e-16
4.041116e-01  1.375494e-16
4.053346e-01  1.381491e-16
4.144811e-01  1.426815e-16
4.251167e-01  1.482765e-16
4.360252e-01  1.543316e-16
4.373448e-01  1.550744e-16
4.472136e-01  1.607010e-16
4.586891e-01  1.672833e-16
4.704591e-01  1.740946e-16
4.718830e-01  1.749352e-16
4.825311e-01  1.812898e-16
4.949129e-01  1.888238e-16
5.076123e-01  1.965714e-16
5.091486e-01  1.975214e-16
5.206377e-01  2.046778e-16
5.339973e-01  2.129108e-16
5.476997e-01  2.211244e-16
5.493573e-01  2.221266e-16
5.617536e-01  2.296559e-16
5.761683e-01  2.383780e-16
5.909528e-01  2.472181e-16
5.927413e-01  2.482643e-16
6.061166e-01  2.560737e-16
6.216696e-01  2.649686e-16
6.376217e-01  2.742029e-16
6.395515e-01  2.752722e-16
6.539831e-01  2.832980e-16
6.707643e-01  2.926841e-16
6.879761e-01  3.017513e-16
6.900583e-01  3.028180e-16
7.056296e-01  3.108124e-16
7.237361e-01  3.196690e-16
7.423072e-01  3.284390e-16
7.445538e-01  3.294930e-16
7.613548e-01  3.373816e-16
7.808912e-01  3.460891e-16
8.009289e-01  3.543645e-16
8.033530e-01  3.552655e-16
8.214808e-01  3.619893e-16
8.425600e-01  3.696951e-16
8.641801e-01  3.765069e-16
8.667956e-01  3.773451e-16
8.863550e-01  3.835921e-16
9.090989e-01  3.902627e-16
9.324264e-01  3.970449e-16
9.352484e-01  3.977507e-16
9.563525e-01  4.030010e-16
9.808925e-01  4.084123e-16
1.006062e+00  4.133900e-16
1.009107e+00  4.139267e-16
1.031878e+00  4.179114e-16
1.058356e+00  4.215130e-16
1.085513e+00  4.249665e-16
1.088799e+00  4.253060e-16
1.113368e+00  4.278212e-16
1.141937e+00  4.297322e-16
1.171239e+00  4.315740e-16
1.174784e+00  4.317437e-16
1.201293e+00  4.329984e-16
1.232118e+00  4.337154e-16
1.263734e+00  4.342285e-16
1.267559e+00  4.341872e-16
1.296162e+00  4.338827e-16
1.329421e+00  4.331552e-16
1.363534e+00  4.319994e-16
1.367661e+00  4.317939e-16
1.398523e+00  4.302792e-16
1.434409e+00  4.284447e-16
1.471216e+00  4.259423e-16
1.475668e+00  4.256263e-16
1.508967e+00  4.232999e-16
1.547687e+00  4.205181e-16
1.587401e+00  4.174687e-16
1.592205e+00  4.170853e-16
1.628134e+00  4.142651e-16
1.669912e+00  4.109139e-16
1.712762e+00  4.075258e-16
1.717946e+00  4.071142e-16
1.756711e+00  4.040881e-16
1.801789e+00  4.007084e-16
1.848023e+00  3.975248e-16
1.895443e+00  3.942798e-16
1.944080e+00  3.911758e-16
1.993965e+00  3.881620e-16
2.045130e+00  3.853563e-16
2.097608e+00  3.823010e-16
2.151433e+00  3.799030e-16
2.206639e+00  3.776398e-16
2.263261e+00  3.755517e-16
2.321337e+00  3.737116e-16
2.380902e+00  3.719195e-16
2.441996e+00  3.702186e-16
2.504658e+00  3.685429e-16
2.568928e+00  3.668660e-16
2.634847e+00  3.650923e-16
2.702457e+00  3.631018e-16
2.771802e+00  3.608114e-16
2.842926e+00  3.581129e-16
2.915876e+00  3.548846e-16
2.990698e+00  3.511762e-16
3.067439e+00  3.474428e-16
3.146150e+00  3.437519e-16
3.226880e+00  3.399809e-16
3.309682e+00  3.361409e-16
3.394608e+00  3.322033e-16
3.481714e+00  3.282007e-16
3.571055e+00  3.240843e-16
3.662688e+00  3.198612e-16
3.756673e+00  3.155129e-16
3.853069e+00  3.110687e-16
3.951939e+00  3.065370e-16
4.053346e+00  3.019330e-16
4.157355e+00  2.972975e-16
4.264033e+00  2.926739e-16
4.373448e+00  2.881198e-16
4.485671e+00  2.836532e-16
4.600774e+00  2.793841e-16
4.718830e+00  2.753782e-16
4.839915e+00  2.717801e-16
4.964107e+00  2.686720e-16
5.091486e+00  2.662305e-16
5.222134e+00  2.645829e-16
5.356134e+00  2.639261e-16
5.493573e+00  2.644096e-16
5.634538e+00  2.662349e-16
5.779121e+00  2.691353e-16
5.927413e+00  2.716881e-16
6.079511e+00  2.736992e-16
6.235511e+00  2.750822e-16
6.395515e+00  2.757625e-16
6.559624e+00  2.756442e-16
6.727944e+00  2.746205e-16
6.900583e+00  2.725798e-16
7.077652e+00  2.694167e-16
7.259265e+00  2.650019e-16
7.445538e+00  2.592442e-16
7.636591e+00  2.528779e-16
7.832546e+00  2.460927e-16
8.033530e+00  2.386733e-16
8.239670e+00  2.309911e-16
8.451100e+00  2.229656e-16
8.667956e+00  2.146411e-16
8.890376e+00  2.060131e-16
9.118503e+00  1.970700e-16
9.352484e+00  1.877969e-16
9.592470e+00  1.781878e-16
9.838613e+00  1.682243e-16
1.009107e+01  1.578803e-16
1.035001e+01  1.471332e-16
1.061559e+01  1.359521e-16
1.088799e+01  1.243214e-16
1.116737e+01  1.121954e-16
1.145393e+01  9.956905e-17
1.174784e+01  8.638580e-17
1.204929e+01  7.265600e-17
1.235847e+01  5.835615e-17
1.267559e+01  4.355494e-17
1.300085e+01  2.818171e-17
1.333445e+01  1.223412e-17
1.367661e+01  1.237835e-68
1.402755e+01  1.269598e-68
1.438750e+01  1.302176e-68
1.475668e+01  1.335589e-68
1.513534e+01  1.369861e-68
1.552372e+01  1.405011e-68
1.592205e+01  1.441064e-68
1.633061e+01  1.478042e-68
1.674966e+01  1.515968e-68
1.717946e+01  1.554868e-68
1.762028e+01  1.594766e-68
1.807242e+01  1.635688e-68
1.853616e+01  1.677660e-68
