1.000000e-03  1.611375e-18
1.078972e-03  3.121758e-18
1.164181e-03  5.519840e-18
1.256119e-03  7.496097e-18
1.355318e-03  9.192403e-18
1.462351e-03  1.131135e-17
1.577836e-03  1.391541e-17
1.702441e-03  1.707154e-17
1.836887e-03  2.089821e-17
1.981950e-03  2.554689e-17
2.138469e-03  3.110981e-17
2.307349e-03  3.787339e-17
2.489566e-03  4.585903e-17
2.686173e-03  5.546700e-17
2.898306e-03  6.673147e-17
3.127192e-03  8.009639e-17
3.374153e-03  9.569663e-17
3.640618e-03  1.138034e-16
3.928126e-03  1.347628e-16
4.238339e-03  1.585388e-16
4.573051e-03  1.857006e-16
4.934195e-03  2.155837e-16
5.323860e-03  2.489916e-16
5.744297e-03  2.848952e-16
6.197938e-03  3.234867e-16
6.687403e-03  3.636661e-16
7.215523e-03  4.046653e-16
7.785349e-03  4.452427e-16
8.400176e-03  4.834488e-16
9.063558e-03  5.184532e-16
9.779328e-03  5.470412e-16
1.000000e-02  5.532716e-16
1.025660e-02  5.604318e-16
1.051979e-02  5.676849e-16
1.055162e-02  5.685560e-16
1.078972e-02  5.719892e-16
1.106659e-02  5.759126e-16
1.135056e-02  5.798629e-16
1.138491e-02  5.803358e-16
1.164181e-02  5.806553e-16
1.194054e-02  5.810182e-16
1.224694e-02  5.813814e-16
1.228400e-02  5.814247e-16
1.256119e-02  5.782921e-16
1.288351e-02  5.747558e-16
1.321411e-02  5.712409e-16
1.325410e-02  5.708232e-16
1.355318e-02  5.641147e-16
1.390095e-02  5.565932e-16
1.425765e-02  5.491719e-16
1.430081e-02  5.482932e-16
1.462351e-02  5.381790e-16
1.499875e-02  5.269210e-16
1.538361e-02  5.158988e-16
1.543017e-02  5.145996e-16
1.577836e-02  5.015432e-16
1.618323e-02  4.871201e-16
1.659849e-02  4.731118e-16
1.664873e-02  4.714679e-16
1.702441e-02  4.559476e-16
1.746126e-02  4.389438e-16
1.790931e-02  4.225744e-16
1.796352e-02  4.206629e-16
1.836887e-02  4.038734e-16
1.884021e-02  3.856213e-16
1.932365e-02  3.681938e-16
1.938214e-02  3.661682e-16
1.981950e-02  3.486241e-16
2.032807e-02  3.297207e-16
2.084969e-02  3.118423e-16
2.091279e-02  3.097757e-16
2.138469e-02  2.929378e-16
2.193342e-02  2.749263e-16
2.249624e-02  2.580221e-16
2.256432e-02  2.560767e-16
2.307349e-02  2.403720e-16
2.366556e-02  2.237047e-16
2.427282e-02  2.081932e-16
2.434628e-02  2.064165e-16
2.489566e-02  1.928113e-16
2.553448e-02  1.784476e-16
2.618970e-02  1.651537e-16
2.626896e-02  1.636358e-16
2.686173e-02  1.524077e-16
2.755100e-02  1.405902e-16
2.825796e-02  1.296889e-16
2.834348e-02  1.284465e-16
2.898306e-02  1.197125e-16
2.972676e-02  1.105143e-16
3.048955e-02  1.020235e-16
3.058183e-02  1.010554e-16
3.127192e-02  9.490920e-17
3.207436e-02  8.838344e-17
3.289738e-02  8.230792e-17
3.299695e-02  8.161174e-17
3.374153e-02  7.756533e-17
3.460734e-02  7.321546e-17
3.549537e-02  6.911145e-17
3.560280e-02  6.863775e-17
3.640618e-02  6.652370e-17
3.734036e-02  6.420440e-17
3.829852e-02  6.196925e-17
3.841443e-02  6.170821e-17
3.928126e-02  6.097485e-17
4.028922e-02  6.015580e-17
4.132304e-02  5.935336e-17
4.144811e-02  5.925860e-17
4.238339e-02  5.966488e-17
4.347095e-02  6.013543e-17
4.458642e-02  6.061436e-17
4.472136e-02  6.067214e-17
4.573051e-02  6.194033e-17
4.690395e-02  6.341987e-17
4.810751e-02  6.493986e-17
4.825311e-02  6.512423e-17
4.934195e-02  6.709573e-17
5.060807e-02  6.937984e-17
5.190667e-02  7.172109e-17
5.206377e-02  7.200567e-17
5.323860e-02  7.451347e-17
5.460470e-02  7.746730e-17
5.600586e-02  8.053862e-17
5.617536e-02  8.091321e-17
5.744297e-02  8.390532e-17
5.891696e-02  8.743622e-17
6.042877e-02  9.111704e-17
6.061166e-02  9.156640e-17
6.197938e-02  9.495201e-17
6.356977e-02  9.895009e-17
6.520097e-02  1.031152e-16
6.539831e-02  1.036233e-16
6.687403e-02  1.073539e-16
6.859002e-02  1.117576e-16
7.035004e-02  1.163420e-16
7.056296e-02  1.169013e-16
7.215523e-02  1.208152e-16
7.400673e-02  1.254201e-16
7.590575e-02  1.302018e-16
7.613548e-02  1.307846e-16
7.785349e-02  1.348635e-16
7.985122e-02  1.396507e-16
8.190020e-02  1.446103e-16
8.214808e-02  1.452136e-16
8.400176e-02  1.492019e-16
8.615725e-02  1.538691e-16
8.836805e-02  1.586844e-16
8.863550e-02  1.592694e-16
9.063558e-02  1.631064e-16
9.296129e-02  1.675679e-16
9.534668e-02  1.721661e-16
9.563525e-02  1.727239e-16
9.779328e-02  1.761519e-16
1.003027e-01  1.801302e-16
1.028764e-01  1.842060e-16
1.031878e-01  1.846992e-16
1.055162e-01  1.875668e-16
1.082238e-01  1.908875e-16
1.110008e-01  1.942815e-16
1.113368e-01  1.946927e-16
1.138491e-01  1.968158e-16
1.167705e-01  1.992598e-16
1.197668e-01  2.017535e-16
1.201293e-01  2.020548e-16
1.228400e-01  2.032134e-16
1.259921e-01  2.045619e-16
1.292251e-01  2.059464e-16
1.296162e-01  2.061149e-16
1.325410e-01  2.062218e-16
1.359420e-01  2.063798e-16
1.394303e-01  2.065687e-16
1.398523e-01  2.065918e-16
1.430081e-01  2.055095e-16
1.466776e-01  2.043664e-16
1.504414e-01  2.032953e-16
1.508967e-01  2.031706e-16
1.543017e-01  2.009573e-16
1.582611e-01  1.985587e-16
1.623221e-01  1.962491e-16
1.628134e-01  1.959887e-16
1.664873e-01  1.928112e-16
1.707594e-01  1.893406e-16
1.751411e-01  1.860753e-16
1.756711e-01  1.856978e-16
1.796352e-01  1.816224e-16
1.842446e-01  1.772198e-16
1.889724e-01  1.731387e-16
1.895443e-01  1.726672e-16
1.938214e-01  1.680648e-16
1.987949e-01  1.631502e-16
2.038959e-01  1.586551e-16
2.045130e-01  1.581448e-16
2.091279e-01  1.533168e-16
2.144941e-01  1.482872e-16
2.199981e-01  1.437619e-16
2.206639e-01  1.432531e-16
2.256432e-01  1.386204e-16
2.314332e-01  1.339390e-16
2.373718e-01  1.297805e-16
2.380902e-01  1.293291e-16
2.434628e-01  1.253387e-16
2.497101e-01  1.213598e-16
2.561176e-01  1.180202e-16
2.568928e-01  1.176656e-16
2.626896e-01  1.144926e-16
2.694302e-01  1.115278e-16
2.763438e-01  1.092933e-16
2.771802e-01  1.090595e-16
2.834348e-01  1.070541e-16
2.907078e-01  1.054181e-16
2.981673e-01  1.044279e-16
2.990698e-01  1.043396e-16
3.058183e-01  1.034019e-16
3.136656e-01  1.030311e-16
3.217143e-01  1.034728e-16
3.226880e-01  1.035684e-16
3.299695e-01  1.042783e-16
3.384365e-01  1.055985e-16
3.471208e-01  1.071784e-16
3.481714e-01  1.074462e-16
3.560280e-01  1.093914e-16
3.651636e-01  1.120868e-16
3.745338e-01  1.149902e-16
3.756673e-01  1.153983e-16
3.841443e-01  1.185057e-16
3.940015e-01  1.225794e-16
4.041116e-01  1.269825e-16
4.053346e-01  1.275391e-16
4.144811e-01  1.317498e-16
4.251167e-01  1.369117e-16
4.360252e-01  1.424117e-16
4.373448e-01  1.431096e-16
4.472136e-01  1.483967e-16
4.586891e-01  1.544080e-16
4.704591e-01  1.606856e-16
4.718830e-01  1.614731e-16
4.825311e-01  1.674286e-16
4.949129e-01  1.743052e-16
5.076123e-01  1.815130e-16
5.091486e-01  1.823922e-16
5.206377e-01  1.890162e-16
5.339973e-01  1.966420e-16
5.476997e-01  2.041814e-16
5.493573e-01  2.051222e-16
5.617536e-01  2.121919e-16
5.761683e-01  2.201724e-16
5.909528e-01  2.283503e-16
5.927413e-01  2.293239e-16
6.061166e-01  2.365913e-16
6.216696e-01  2.448537e-16
6.376217e-01  2.533245e-16
6.395515e-01  2.543324e-16
6.539831e-01  2.619003e-16
6.707643e-01  2.704775e-16
6.879761e-01  2.788613e-16
6.900583e-01  2.798679e-16
7.056296e-01  2.874137e-16
7.237361e-01  2.955808e-16
7.423072e-01  3.037207e-16
7.445538e-01  3.047061e-16
7.613548e-01  3.120823e-16
7.808912e-01  3.201871e-16
8.009289e-01  3.278759e-16
8.033530e-01  3.287185e-16
8.214808e-01  3.350078e-16
8.425600e-01  3.420766e-16
8.641801e-01  3.483772e-16
8.667956e-01  3.491684e-16
8.863550e-01  3.550664e-16
9.090989e-01  3.613197e-16
9.324264e-01  3.675130e-16
9.352484e-01  3.681906e-16
9.563525e-01  3.732333e-16
9.808925e-01  3.781294e-16
1.006062e+00  3.826618e-16
1.009107e+00  3.831746e-16
1.031878e+00  3.869825e-16
1.058356e+00  3.904297e-16
1.085513e+00  3.937546e-16
1.088799e+00  3.940646e-16
1.113368e+00  3.963611e-16
1.141937e+00  3.981552e-16
1.171239e+00  3.998434e-16
1.174784e+00  4.000098e-16
1.201293e+00  4.012405e-16
1.232118e+00  4.019026e-16
1.263734e+00  4.023710e-16
1.267559e+00  4.023378e-16
1.296162e+00  4.020929e-16
1.329421e+00  4.014654e-16
1.363534e+00  4.003664e-16
1.367661e+00  4.001793e-16
1.398523e+00  3.988004e-16
1.434409e+00  3.970930e-16
1.471216e+00  3.947479e-16
1.475668e+00  3.944581e-16
1.508967e+00  3.923247e-16
1.547687e+00  3.897340e-16
1.587401e+00  3.869159e-16
1.592205e+00  3.865611e-16
1.628134e+00  3.839508e-16
1.669912e+00  3.808370e-16
1.712762e+00  3.776889e-16
1.717946e+00  3.773071e-16
1.756711e+00  3.745002e-16
1.801789e+00  3.713540e-16
1.848023e+00  3.684398e-16
1.895443e+00  3.653984e-16
1.944080e+00  3.625661e-16
1.993965e+00  3.597500e-16
2.045130e+00  3.572036e-16
2.097608e+00  3.543515e-16
2.151433e+00  3.521688e-16
2.206639e+00  3.501095e-16
2.263261e+00  3.482067e-16
2.321337e+00  3.465567e-16
2.380902e+00  3.449521e-16
2.441996e+00  3.434265e-16
2.504658e+00  3.419603e-16
2.568928e+00  3.404898e-16
2.634847e+00  3.389112e-16
2.702457e+00  3.371753e-16
2.771802e+00  3.351609e-16
2.842926e+00  3.327209e-16
2.915876e+00  3.298133e-16
2.990698e+00  3.264791e-16
3.067439e+00  3.230838e-16
3.146150e+00  3.197482e-16
3.226880e+00  3.163621e-16
3.309682e+00  3.128472e-16
3.394608e+00  3.092820e-16
3.481714e+00  3.056409e-16
3.571055e+00  3.018374e-16
3.662688e+00  2.979732e-16
3.756673e+00  2.940036e-16
3.853069e+00  2.898842e-16
3.951939e+00  2.857077e-16
4.053346e+00  2.814795e-16
4.157355e+00  2.771605e-16
4.264033e+00  2.728818e-16
4.373448e+00  2.686770e-16
4.485671e+00  2.645141e-16
4.600774e+00  2.605616e-16
4.718830e+00  2.568567e-16
4.839915e+00  2.534732e-16
4.964107e+00  2.505850e-16
5.091486e+00  2.483236e-16
5.222134e+00  2.467771e-16
5.356134e+00  2.461880e-16
5.493573e+00  2.466855e-16
5.634538e+00  2.484445e-16
5.779121e+00  2.512673e-16
5.927413e+00  2.537593e-16
6.079511e+00  2.557315e-16
6.235511e+00  2.571451e-16
6.395515e+00  2.579053e-16
6.559624e+00  2.578971e-16
6.727944e+00  2.570508e-16
6.900583e+00  2.552638e-16
7.077652e+00  2.523865e-16
7.259265e+00  2.483423e-16
7.445538e+00  2.430124e-16
7.636591e+00  2.371030e-16
7.832546e+00  2.309723e-16
8.033530e+00  2.242316e-16
8.239670e+00  2.170195e-16
8.451100e+00  2.095589e-16
8.667956e+00  2.017722e-16
8.890376e+00  1.937559e-16
9.118503e+00  1.853626e-16
9.352484e+00  1.767573e-16
9.592470e+00  1.678477e-16
9.838613e+00  1.584785e-16
1.009107e+01  1.488969e-16
1.035001e+01  1.387767e-16
1.061559e+01  1.284272e-16
1.088799e+01  1.174115e-16
1.116737e+01  1.062069e-16
1.145393e+01  9.418489e-17
1.174784e+01  8.201358e-17
1.204929e+01  6.933006e-17
1.235847e+01  5.563115e-17
1.267559e+01  4.192081e-17
1.300085e+01  2.701400e-17
1.333445e+01  1.220530e-17
1.367661e+01  1.190078e-68
1.402755e+01  1.220615e-68
1.438750e+01  1.251936e-68
1.475668e+01  1.284061e-68
1.513534e+01  1.317010e-68
1.552372e+01  1.350804e-68
1.592205e+01  1.385466e-68
1.633061e+01  1.421017e-68
1.674966e+01  1.457481e-68
1.717946e+01  1.494880e-68
1.762028e+01  1.533238e-68
1.807242e+01  1.572581e-68
1.853616e+01  1.612934e-68
