1.000000e-03  1.220330e-18
1.078972e-03  2.466778e-18
1.164181e-03  4.540392e-18
1.256119e-03  6.198251e-18
1.355318e-03  7.601295e-18
1.462351e-03  9.353987e-18
1.577836e-03  1.150574e-17
1.702441e-03  1.412023e-17
1.836887e-03  1.729145e-17
1.981950e-03  2.115696e-17
2.138469e-03  2.576915e-17
2.307349e-03  3.139231e-17
2.489566e-03  3.800461e-17
2.686173e-03  4.599264e-17
2.898306e-03  5.537203e-17
3.127192e-03  6.651187e-17
3.374153e-03  7.951723e-17
3.640618e-03  9.462178e-17
3.928126e-03  1.121505e-16
4.238339e-03  1.319808e-16
4.573051e-03  1.548132e-16
4.934195e-03  1.798788e-16
5.323860e-03  2.080336e-16
5.744297e-03  2.382420e-16
6.197938e-03  2.708635e-16
6.687403e-03  3.048632e-16
7.215523e-03  3.396729e-16
7.785349e-03  3.743966e-16
8.400176e-03  4.071554e-16
9.063558e-03  4.374042e-16
9.779328e-03  4.622859e-16
1.000000e-02  4.678196e-16
1.025660e-02  4.741831e-16
1.051979e-02  4.806333e-16
1.055162e-02  4.814083e-16
1.078972e-02  4.845812e-16
1.106659e-02  4.882093e-16
1.135056e-02  4.918645e-16
1.138491e-02  4.923022e-16
1.164181e-02  4.928618e-16
1.194054e-02  4.934979e-16
1.224694e-02  4.941349e-16
1.228400e-02  4.942109e-16
1.256119e-02  4.918347e-16
1.288351e-02  4.891504e-16
1.321411e-02  4.864808e-16
1.325410e-02  4.861634e-16
1.355318e-02  4.807256e-16
1.390095e-02  4.746252e-16
1.425765e-02  4.686021e-16
1.430081e-02  4.678887e-16
1.462351e-02  4.595311e-16
1.499875e-02  4.502225e-16
1.538361e-02  4.411027e-16
1.543017e-02  4.400273e-16
1.577836e-02  4.291162e-16
1.618323e-02  4.170554e-16
1.659849e-02  4.053336e-16
1.664873e-02  4.039575e-16
1.702441e-02  3.908482e-16
1.746126e-02  3.764783e-16
1.790931e-02  3.626371e-16
1.796352e-02  3.610203e-16
1.836887e-02  3.468002e-16
1.884021e-02  3.313322e-16
1.932365e-02  3.165541e-16
1.938214e-02  3.148358e-16
1.981950e-02  2.998608e-16
2.032807e-02  2.837192e-16
2.084969e-02  2.684466e-16
2.091279e-02  2.666808e-16
2.138469e-02  2.522936e-16
2.193342e-02  2.368967e-16
2.249624e-02  2.224392e-16
2.256432e-02  2.207749e-16
2.307349e-02  2.072825e-16
2.366556e-02  1.929597e-16
2.427282e-02  1.796266e-16
2.434628e-02  1.780991e-16
2.489566e-02  1.663663e-16
2.553448e-02  1.539789e-16
2.618970e-02  1.425137e-16
2.626896e-02  1.412046e-16
2.686173e-02  1.314456e-16
2.755100e-02  1.211803e-16
2.825796e-02  1.117165e-16
2.834348e-02  1.106383e-16
2.898306e-02  1.030695e-16
2.972676e-02  9.510160e-17
3.048955e-02  8.775020e-17
3.058183e-02  8.691219e-17
3.127192e-02  8.153572e-17
3.207436e-02  7.583405e-17
3.289738e-02  7.053207e-17
3.299695e-02  6.992498e-17
3.374153e-02  6.636325e-17
3.460734e-02  6.253974e-17
3.549537e-02  5.893849e-17
3.560280e-02  5.852314e-17
3.640618e-02  5.663035e-17
3.734036e-02  5.455716e-17
3.829852e-02  5.256303e-17
3.841443e-02  5.233024e-17
3.928126e-02  5.162248e-17
4.028922e-02  5.083417e-17
4.132304e-02  5.006136e-17
4.144811e-02  4.997032e-17
4.238339e-02  5.025193e-17
4.347095e-02  5.057698e-17
4.458642e-02  5.091054e-17
4.472136e-02  5.095080e-17
4.573051e-02  5.197602e-17
4.690395e-02  5.316905e-17
4.810751e-02  5.439759e-17
4.825311e-02  5.454615e-17
4.934195e-02  5.617092e-17
5.060807e-02  5.805473e-17
5.190667e-02  5.998255e-17
5.206377e-02  6.021681e-17
5.323860e-02  6.230662e-17
5.460470e-02  6.476744e-17
5.600586e-02  6.732639e-17
5.617536e-02  6.763835e-17
5.744297e-02  7.014289e-17
5.891696e-02  7.309911e-17
6.042877e-02  7.618142e-17
6.061166e-02  7.655768e-17
6.197938e-02  7.940775e-17
6.356977e-02  8.277442e-17
6.520097e-02  8.628304e-17
6.539831e-02  8.671114e-17
6.687403e-02  8.986144e-17
6.859002e-02  9.358090e-17
7.035004e-02  9.745606e-17
7.056296e-02  9.792866e-17
7.215523e-02  1.012472e-16
7.400673e-02  1.051550e-16
7.590575e-02  1.092142e-16
7.613548e-02  1.097090e-16
7.785349e-02  1.131749e-16
7.985122e-02  1.172440e-16
8.190020e-02  1.214619e-16
8.214808e-02  1.219750e-16
8.400176e-02  1.253732e-16
8.615725e-02  1.293495e-16
8.836805e-02  1.334595e-16
8.863550e-02  1.339582e-16
9.063558e-02  1.372438e-16
9.296129e-02  1.410687e-16
9.534668e-02  1.450136e-16
9.563525e-02  1.454920e-16
9.779328e-02  1.484532e-16
1.003027e-01  1.518919e-16
1.028764e-01  1.554186e-16
1.031878e-01  1.558451e-16
1.055162e-01  1.583526e-16
1.082238e-01  1.612584e-16
1.110008e-01  1.642311e-16
1.113368e-01  1.645910e-16
1.138491e-01  1.664688e-16
1.167705e-01  1.686324e-16
1.197668e-01  1.708419e-16
1.201293e-01  1.711082e-16
1.228400e-01  1.721799e-16
1.259921e-01  1.734275e-16
1.292251e-01  1.747086e-16
1.296162e-01  1.748640e-16
1.325410e-01  1.750485e-16
1.359420e-01  1.752896e-16
1.394303e-01  1.755630e-16
1.398523e-01  1.755946e-16
1.430081e-01  1.747635e-16
1.466776e-01  1.738969e-16
1.504414e-01  1.730825e-16
1.508967e-01  1.729879e-16
1.543017e-01  1.711888e-16
1.582611e-01  1.692453e-16
1.623221e-01  1.673720e-16
1.628134e-01  1.671594e-16
1.664873e-01  1.645074e-16
1.707594e-01  1.616283e-16
1.751411e-01  1.589181e-16
1.756711e-01  1.586021e-16
1.796352e-01  1.551656e-16
1.842446e-01  1.514596e-16
1.889724e-01  1.480313e-16
1.895443e-01  1.476327e-16
1.938214e-01  1.437196e-16
1.987949e-01  1.395560e-16
2.038959e-01  1.357325e-16
2.045130e-01  1.352969e-16
2.091279e-01  1.311727e-16
2.144941e-01  1.268837e-16
2.199981e-01  1.230223e-16
2.206639e-01  1.225852e-16
2.256432e-01  1.185989e-16
2.314332e-01  1.145793e-16
2.373718e-01  1.110119e-16
2.380902e-01  1.106183e-16
2.434628e-01  1.071263e-16
2.497101e-01  1.036963e-16
2.561176e-01  1.007841e-16
2.568928e-01  1.004690e-16
2.626896e-01  9.764902e-17
2.694302e-01  9.503218e-17
2.763438e-01  9.303685e-17
2.771802e-01  9.282350e-17
2.834348e-01  9.099781e-17
2.907078e-01  8.951912e-17
2.981673e-01  8.859225e-17
2.990698e-01  8.849898e-17
3.058183e-01  8.756008e-17
3.136656e-01  8.716097e-17
3.217143e-01  8.745349e-17
3.226880e-01  8.751981e-17
3.299695e-01  8.800743e-17
3.384365e-01  8.901213e-17
3.471208e-01  9.033300e-17
3.481714e-01  9.053624e-17
3.560280e-01  9.200142e-17
3.651636e-01  9.431811e-17
3.745338e-01  9.663383e-17
3.756673e-01  9.696943e-17
3.841443e-01  9.951872e-17
3.940015e-01  1.029084e-16
4.041116e-01  1.065526e-16
4.053346e-01  1.070161e-16
4.144811e-01  1.105251e-16
4.251167e-01  1.148045e-16
4.360252e-01  1.194781e-16
4.373448e-01  1.200521e-16
4.472136e-01  1.243989e-16
4.586891e-01  1.295256e-16
4.704591e-01  1.348372e-16
4.718830e-01  1.354889e-16
4.825311e-01  1.404165e-16
4.949129e-01  1.462781e-16
5.076123e-01  1.522552e-16
5.091486e-01  1.530015e-16
5.206377e-01  1.586263e-16
5.339973e-01  1.649751e-16
5.476997e-01  1.714432e-16
5.493573e-01  1.722258e-16
5.617536e-01  1.781054e-16
5.761683e-01  1.849380e-16
5.909528e-01  1.918268e-16
5.927413e-01  1.926467e-16
6.061166e-01  1.987635e-16
6.216696e-01  2.057155e-16
6.376217e-01  2.129951e-16
6.395515e-01  2.138366e-16
6.539831e-01  2.201544e-16
6.707643e-01  2.275084e-16
6.879761e-01  2.346640e-16
6.900583e-01  2.355034e-16
7.056296e-01  2.417954e-16
7.237361e-01  2.487955e-16
7.423072e-01  2.556631e-16
7.445538e-01  2.565040e-16
7.613548e-01  2.627992e-16
7.808912e-01  2.697025e-16
8.009289e-01  2.763279e-16
8.033530e-01  2.770350e-16
8.214808e-01  2.823122e-16
8.425600e-01  2.884197e-16
8.641801e-01  2.937570e-16
8.667956e-01  2.944298e-16
8.863550e-01  2.994460e-16
9.090989e-01  3.047268e-16
9.324264e-01  3.101625e-16
9.352484e-01  3.107285e-16
9.563525e-01  3.149399e-16
9.808925e-01  3.192197e-16
1.006062e+00  3.232097e-16
1.009107e+00  3.236351e-16
1.031878e+00  3.267932e-16
1.058356e+00  3.298951e-16
1.085513e+00  3.325759e-16
1.088799e+00  3.328626e-16
1.113368e+00  3.349867e-16
1.141937e+00  3.364805e-16
1.171239e+00  3.379624e-16
1.174784e+00  3.381033e-16
1.201293e+00  3.391454e-16
1.232118e+00  3.397591e-16
1.263734e+00  3.402542e-16
1.267559e+00  3.402254e-16
1.296162e+00  3.400130e-16
1.329421e+00  3.394818e-16
1.363534e+00  3.386029e-16
1.367661e+00  3.384439e-16
1.398523e+00  3.372722e-16
1.434409e+00  3.358304e-16
1.471216e+00  3.338833e-16
1.475668e+00  3.336318e-16
1.508967e+00  3.317800e-16
1.547687e+00  3.296202e-16
1.587401e+00  3.272025e-16
1.592205e+00  3.269014e-16
1.628134e+00  3.246866e-16
1.669912e+00  3.220468e-16
1.712762e+00  3.193534e-16
1.717946e+00  3.190289e-16
1.756711e+00  3.166428e-16
1.801789e+00  3.139522e-16
1.848023e+00  3.115013e-16
1.895443e+00  3.089397e-16
1.944080e+00  3.065528e-16
1.993965e+00  3.042196e-16
2.045130e+00  3.020747e-16
2.097608e+00  2.996847e-16
2.151433e+00  2.978824e-16
2.206639e+00  2.961986e-16
2.263261e+00  2.946722e-16
2.321337e+00  2.933568e-16
2.380902e+00  2.920988e-16
2.441996e+00  2.909331e-16
2.504658e+00  2.898076e-16
2.568928e+00  2.887010e-16
2.634847e+00  2.875317e-16
2.702457e+00  2.862107e-16
2.771802e+00  2.846557e-16
2.842926e+00  2.827725e-16
2.915876e+00  2.804598e-16
2.990698e+00  2.777601e-16
3.067439e+00  2.750573e-16
3.146150e+00  2.723837e-16
3.226880e+00  2.696532e-16
3.309682e+00  2.668589e-16
3.394608e+00  2.639668e-16
3.481714e+00  2.609636e-16
3.571055e+00  2.578670e-16
3.662688e+00  2.546634e-16
3.756673e+00  2.513444e-16
3.853069e+00  2.479382e-16
3.951939e+00  2.444308e-16
4.053346e+00  2.408512e-16
4.157355e+00  2.372264e-16
4.264033e+00  2.335906e-16
4.373448e+00  2.300052e-16
4.485671e+00  2.265014e-16
4.600774e+00  2.231368e-16
4.718830e+00  2.199780e-16
4.839915e+00  2.171116e-16
4.964107e+00  2.146392e-16
5.091486e+00  2.126920e-16
5.222134e+00  2.114023e-16
5.356134e+00  2.109211e-16
5.493573e+00  2.114155e-16
5.634538e+00  2.130603e-16
5.779121e+00  2.156588e-16
5.927413e+00  2.179868e-16
6.079511e+00  2.198929e-16
6.235511e+00  2.212996e-16
6.395515e+00  2.221494e-16
6.559624e+00  2.223478e-16
6.727944e+00  2.218155e-16
6.900583e+00  2.204513e-16
7.077652e+00  2.181477e-16
7.259265e+00  2.148004e-16
7.445538e+00  2.103024e-16
7.636591e+00  2.052942e-16
7.832546e+00  2.000864e-16
8.033530e+00  1.946844e-16
8.239670e+00  1.888003e-16
8.451100e+00  1.824222e-16
8.667956e+00  1.757537e-16
8.890376e+00  1.688849e-16
9.118503e+00  1.617029e-16
9.352484e+00  1.543231e-16
9.592470e+00  1.465931e-16
9.838613e+00  1.386704e-16
1.009107e+01  1.303322e-16
1.035001e+01  1.216424e-16
1.061559e+01  1.127488e-16
1.088799e+01  1.032955e-16
1.116737e+01  9.364065e-17
1.145393e+01  8.329009e-17
1.174784e+01  7.276518e-17
1.204929e+01  6.137834e-17
1.235847e+01  4.941051e-17
1.267559e+01  3.732130e-17
1.300085e+01  2.418657e-17
1.333445e+01  1.108251e-17
1.367661e+01  1.092352e-68
1.402755e+01  1.120382e-68
1.438750e+01  1.149131e-68
1.475668e+01  1.178618e-68
1.513534e+01  1.208861e-68
1.552372e+01  1.239881e-68
1.592205e+01  1.271696e-68
1.633061e+01  1.304328e-68
1.674966e+01  1.337797e-68
1.717946e+01  1.372125e-68
1.762028e+01  1.407334e-68
1.807242e+01  1.443446e-68
1.853616e+01  1.480485e-68
