1.000000e-03  9.894333e-19
1.078972e-03  2.095233e-18
1.164181e-03  3.942421e-18
1.256119e-03  5.418847e-18
1.355318e-03  6.641380e-18
1.462351e-03  8.176984e-18
1.577836e-03  1.005612e-17
1.702441e-03  1.234796e-17
1.836887e-03  1.512523e-17
1.981950e-03  1.849793e-17
2.138469e-03  2.254687e-17
2.307349e-03  2.746489e-17
2.489566e-03  3.327664e-17
2.686173e-03  4.027187e-17
2.898306e-03  4.852522e-17
3.127192e-03  5.827703e-17
3.374153e-03  6.970711e-17
3.640618e-03  8.299902e-17
3.928126e-03  9.839762e-17
4.238339e-03  1.159049e-16
4.573051e-03  1.359902e-16
4.934195e-03  1.581785e-16
5.323860e-03  1.829710e-16
5.744297e-03  2.098056e-16
6.197938e-03  2.387018e-16
6.687403e-03  2.689141e-16
7.215523e-03  2.999062e-16
7.785349e-03  3.308664e-16
8.400176e-03  3.601910e-16
9.063558e-03  3.873941e-16
9.779328e-03  4.099677e-16
1.000000e-02  4.150162e-16
1.025660e-02  4.208238e-16
1.051979e-02  4.267128e-16
1.055162e-02  4.274205e-16
1.078972e-02  4.304011e-16
1.106659e-02  4.338106e-16
1.135056e-02  4.372470e-16
1.138491e-02  4.376587e-16
1.164181e-02  4.383331e-16
1.194054e-02  4.391002e-16
1.224694e-02  4.398686e-16
1.228400e-02  4.399603e-16
1.256119e-02  4.380208e-16
1.288351e-02  4.358291e-16
1.321411e-02  4.336483e-16
1.325410e-02  4.333889e-16
1.355318e-02  4.287256e-16
1.390095e-02  4.234917e-16
1.425765e-02  4.183216e-16
1.430081e-02  4.177090e-16
1.462351e-02  4.104138e-16
1.499875e-02  4.022850e-16
1.538361e-02  3.943174e-16
1.543017e-02  3.933776e-16
1.577836e-02  3.837569e-16
1.618323e-02  3.731185e-16
1.659849e-02  3.627750e-16
1.664873e-02  3.615605e-16
1.702441e-02  3.499763e-16
1.746126e-02  3.372724e-16
1.790931e-02  3.250299e-16
1.796352e-02  3.235995e-16
1.836887e-02  3.109510e-16
1.884021e-02  2.971879e-16
1.932365e-02  2.840339e-16
1.938214e-02  2.825042e-16
1.981950e-02  2.691674e-16
2.032807e-02  2.547859e-16
2.084969e-02  2.411729e-16
2.091279e-02  2.395986e-16
2.138469e-02  2.267244e-16
2.193342e-02  2.129433e-16
2.249624e-02  1.999996e-16
2.256432e-02  1.985094e-16
2.307349e-02  1.863912e-16
2.366556e-02  1.735262e-16
2.427282e-02  1.615492e-16
2.434628e-02  1.601770e-16
2.489566e-02  1.496120e-16
2.553448e-02  1.384586e-16
2.618970e-02  1.281366e-16
2.626896e-02  1.269580e-16
2.686173e-02  1.182056e-16
2.755100e-02  1.089972e-16
2.825796e-02  1.005062e-16
2.834348e-02  9.953865e-17
2.898306e-02  9.267689e-17
2.972676e-02  8.545759e-17
3.048955e-02  7.880061e-17
3.058183e-02  7.804203e-17
3.127192e-02  7.316719e-17
3.207436e-02  6.800098e-17
3.289738e-02  6.320045e-17
3.299695e-02  6.265100e-17
3.374153e-02  5.939691e-17
3.460734e-02  5.590758e-17
3.549537e-02  5.262497e-17
3.560280e-02  5.224660e-17
3.640618e-02  5.049828e-17
3.734036e-02  4.858616e-17
3.829852e-02  4.674869e-17
3.841443e-02  4.653437e-17
3.928126e-02  4.585536e-17
4.028922e-02  4.509993e-17
4.132304e-02  4.435984e-17
4.144811e-02  4.427269e-17
4.238339e-02  4.448500e-17
4.347095e-02  4.473066e-17
4.458642e-02  4.498205e-17
4.472136e-02  4.501261e-17
4.573051e-02  4.588962e-17
4.690395e-02  4.690919e-17
4.810751e-02  4.795923e-17
4.825311e-02  4.808623e-17
4.934195e-02  4.950741e-17
5.060807e-02  5.115202e-17
5.190667e-02  5.283598e-17
5.206377e-02  5.304040e-17
5.323860e-02  5.487313e-17
5.460470e-02  5.703127e-17
5.600586e-02  5.927628e-17
5.617536e-02  5.954975e-17
5.744297e-02  6.175905e-17
5.891696e-02  6.436858e-17
6.042877e-02  6.708853e-17
6.061166e-02  6.742054e-17
6.197938e-02  6.993683e-17
6.356977e-02  7.291167e-17
6.520097e-02  7.600964e-17
6.539831e-02  7.638782e-17
6.687403e-02  7.917896e-17
6.859002e-02  8.247498e-17
7.035004e-02  8.590797e-17
7.056296e-02  8.632715e-17
7.215523e-02  8.927661e-17
7.400673e-02  9.274644e-17
7.590575e-02  9.635317e-17
7.613548e-02  9.679303e-17
7.785349e-02  9.987763e-17
7.985122e-02  1.034969e-16
8.190020e-02  1.072537e-16
8.214808e-02  1.077104e-16
8.400176e-02  1.107448e-16
8.615725e-02  1.142958e-16
8.836805e-02  1.179721e-16
8.863550e-02  1.184178e-16
9.063558e-02  1.213649e-16
9.296129e-02  1.247985e-16
9.534668e-02  1.283398e-16
9.563525e-02  1.287691e-16
9.779328e-02  1.314294e-16
1.003027e-01  1.345282e-16
1.028764e-01  1.376982e-16
1.031878e-01  1.380821e-16
1.055162e-01  1.403475e-16
1.082238e-01  1.429752e-16
1.110008e-01  1.456568e-16
1.113368e-01  1.459826e-16
1.138491e-01  1.477077e-16
1.167705e-01  1.496868e-16
1.197668e-01  1.517044e-16
1.201293e-01  1.519495e-16
1.228400e-01  1.529651e-16
1.259921e-01  1.541310e-16
1.292251e-01  1.553410e-16
1.296162e-01  1.554863e-16
1.325410e-01  1.557110e-16
1.359420e-01  1.559901e-16
1.394303e-01  1.563172e-16
1.398523e-01  1.563528e-16
1.430081e-01  1.556599e-16
1.466776e-01  1.549498e-16
1.504414e-01  1.542921e-16
1.508967e-01  1.542135e-16
1.543017e-01  1.526538e-16
1.582611e-01  1.509937e-16
1.623221e-01  1.493732e-16
1.628134e-01  1.491895e-16
1.664873e-01  1.468641e-16
1.707594e-01  1.443638e-16
1.751411e-01  1.419712e-16
1.756711e-01  1.416969e-16
1.796352e-01  1.386872e-16
1.842446e-01  1.354142e-16
1.889724e-01  1.323603e-16
1.895443e-01  1.320135e-16
1.938214e-01  1.285747e-16
1.987949e-01  1.248377e-16
2.038959e-01  1.214566e-16
2.045130e-01  1.210680e-16
2.091279e-01  1.173865e-16
2.144941e-01  1.135336e-16
2.199981e-01  1.101224e-16
2.206639e-01  1.097286e-16
2.256432e-01  1.061315e-16
2.314332e-01  1.025199e-16
2.373718e-01  9.933562e-17
2.380902e-01  9.897663e-17
2.434628e-01  9.578917e-17
2.497101e-01  9.272253e-17
2.561176e-01  9.006870e-17
2.568928e-01  8.977781e-17
2.626896e-01  8.718508e-17
2.694302e-01  8.489274e-17
2.763438e-01  8.300425e-17
2.771802e-01  8.281396e-17
2.834348e-01  8.118252e-17
2.907078e-01  7.977906e-17
2.981673e-01  7.884030e-17
2.990698e-01  7.876039e-17
3.058183e-01  7.793804e-17
3.136656e-01  7.747097e-17
3.217143e-01  7.769083e-17
3.226880e-01  7.774347e-17
3.299695e-01  7.813187e-17
3.384365e-01  7.894396e-17
3.471208e-01  8.012982e-17
3.481714e-01  8.030144e-17
3.560280e-01  8.152781e-17
3.651636e-01  8.346090e-17
3.745338e-01  8.557815e-17
3.756673e-01  8.585973e-17
3.841443e-01  8.800159e-17
3.940015e-01  9.108481e-17
4.041116e-01  9.425355e-17
4.053346e-01  9.464635e-17
4.144811e-01  9.761800e-17
4.251167e-01  1.015801e-16
4.360252e-01  1.055984e-16
4.373448e-01  1.061139e-16
4.472136e-01  1.100184e-16
4.586891e-01  1.145248e-16
4.704591e-01  1.191170e-16
4.718830e-01  1.197123e-16
4.825311e-01  1.242166e-16
4.949129e-01  1.293004e-16
5.076123e-01  1.346212e-16
5.091486e-01  1.352884e-16
5.206377e-01  1.403185e-16
5.339973e-01  1.458708e-16
5.476997e-01  1.517226e-16
5.493573e-01  1.524088e-16
5.617536e-01  1.575632e-16
5.761683e-01  1.634904e-16
5.909528e-01  1.698622e-16
5.927413e-01  1.705708e-16
6.061166e-01  1.758526e-16
6.216696e-01  1.821830e-16
6.376217e-01  1.885815e-16
6.395515e-01  1.893124e-16
6.539831e-01  1.947977e-16
6.707643e-01  2.016015e-16
6.879761e-01  2.078304e-16
6.900583e-01  2.085868e-16
7.056296e-01  2.142577e-16
7.237361e-01  2.205122e-16
7.423072e-01  2.265152e-16
7.445538e-01  2.272862e-16
7.613548e-01  2.330616e-16
7.808912e-01  2.391168e-16
8.009289e-01  2.449507e-16
8.033530e-01  2.455992e-16
8.214808e-01  2.504412e-16
8.425600e-01  2.557994e-16
8.641801e-01  2.607281e-16
8.667956e-01  2.613158e-16
8.863550e-01  2.656968e-16
9.090989e-01  2.703220e-16
9.324264e-01  2.753686e-16
9.352484e-01  2.758645e-16
9.563525e-01  2.795541e-16
9.808925e-01  2.835066e-16
1.006062e+00  2.870166e-16
1.009107e+00  2.873925e-16
1.031878e+00  2.901834e-16
1.058356e+00  2.930591e-16
1.085513e+00  2.954675e-16
1.088799e+00  2.957176e-16
1.113368e+00  2.975704e-16
1.141937e+00  2.989705e-16
1.171239e+00  3.002691e-16
1.174784e+00  3.004085e-16
1.201293e+00  3.014398e-16
1.232118e+00  3.019698e-16
1.263734e+00  3.023613e-16
1.267559e+00  3.023455e-16
1.296162e+00  3.022291e-16
1.329421e+00  3.017481e-16
1.363534e+00  3.010283e-16
1.367661e+00  3.008833e-16
1.398523e+00  2.998144e-16
1.434409e+00  2.985562e-16
1.471216e+00  2.968070e-16
1.475668e+00  2.965850e-16
1.508967e+00  2.949505e-16
1.547687e+00  2.930156e-16
1.587401e+00  2.908628e-16
1.592205e+00  2.905946e-16
1.628134e+00  2.886217e-16
1.669912e+00  2.862380e-16
1.712762e+00  2.838573e-16
1.717946e+00  2.835669e-16
1.756711e+00  2.814321e-16
1.801789e+00  2.790440e-16
1.848023e+00  2.768407e-16
1.895443e+00  2.745711e-16
1.944080e+00  2.724549e-16
1.993965e+00  2.703882e-16
2.045130e+00  2.685020e-16
2.097608e+00  2.664000e-16
2.151433e+00  2.648033e-16
2.206639e+00  2.633738e-16
2.263261e+00  2.620329e-16
2.321337e+00  2.609434e-16
2.380902e+00  2.598687e-16
2.441996e+00  2.588609e-16
2.504658e+00  2.579978e-16
2.568928e+00  2.570466e-16
2.634847e+00  2.561464e-16
2.702457e+00  2.550499e-16
2.771802e+00  2.537008e-16
2.842926e+00  2.522280e-16
2.915876e+00  2.501934e-16
2.990698e+00  2.479158e-16
3.067439e+00  2.456057e-16
3.146150e+00  2.432338e-16
3.226880e+00  2.410210e-16
3.309682e+00  2.385657e-16
3.394608e+00  2.360851e-16
3.481714e+00  2.335601e-16
3.571055e+00  2.307719e-16
3.662688e+00  2.280753e-16
3.756673e+00  2.251046e-16
3.853069e+00  2.220154e-16
3.951939e+00  2.190487e-16
4.053346e+00  2.158020e-16
4.157355e+00  2.126636e-16
4.264033e+00  2.093948e-16
4.373448e+00  2.061133e-16
4.485671e+00  2.030802e-16
4.600774e+00  2.000207e-16
4.718830e+00  1.972287e-16
4.839915e+00  1.946792e-16
4.964107e+00  1.924161e-16
5.091486e+00  1.907575e-16
5.222134e+00  1.895722e-16
5.356134e+00  1.891391e-16
5.493573e+00  1.896879e-16
5.634538e+00  1.911997e-16
5.779121e+00  1.936950e-16
5.927413e+00  1.958791e-16
6.079511e+00  1.976715e-16
6.235511e+00  1.991245e-16
6.395515e+00  1.999764e-16
6.559624e+00  2.003117e-16
6.727944e+00  1.999419e-16
6.900583e+00  1.988012e-16
7.077652e+00  1.968737e-16
7.259265e+00  1.939210e-16
7.445538e+00  1.899369e-16
7.636591e+00  1.854825e-16
7.832546e+00  1.808268e-16
8.033530e+00  1.760260e-16
8.239670e+00  1.710193e-16
8.451100e+00  1.654908e-16
8.667956e+00  1.595063e-16
8.890376e+00  1.533323e-16
9.118503e+00  1.468747e-16
9.352484e+00  1.402205e-16
9.592470e+00  1.333414e-16
9.838613e+00  1.260933e-16
1.009107e+01  1.186841e-16
1.035001e+01  1.108504e-16
1.061559e+01  1.028007e-16
1.088799e+01  9.445098e-17
1.116737e+01  8.548692e-17
1.145393e+01  7.633835e-17
1.174784e+01  6.647190e-17
1.204929e+01  5.639717e-17
1.235847e+01  4.584748e-17
1.267559e+01  3.428995e-17
1.300085e+01  2.262652e-17
1.333445e+01  9.864720e-18
1.367661e+01  1.028963e-68
1.402755e+01  1.055366e-68
1.438750e+01  1.082447e-68
1.475668e+01  1.110223e-68
1.513534e+01  1.138711e-68
1.552372e+01  1.167930e-68
1.592205e+01  1.197900e-68
1.633061e+01  1.228638e-68
1.674966e+01  1.260165e-68
1.717946e+01  1.292500e-68
1.762028e+01  1.325666e-68
1.807242e+01  1.359683e-68
1.853616e+01  1.394572e-68
