1.000000e-03  5.816193e-19
1.078972e-03  1.396105e-18
1.164181e-03  2.801661e-18
1.256119e-03  3.915937e-18
1.355318e-03  4.798372e-18
1.462351e-03  5.907376e-18
1.577836e-03  7.269396e-18
1.702441e-03  8.933302e-18
1.836887e-03  1.094042e-17
1.981950e-03  1.339962e-17
2.138469e-03  1.632647e-17
2.307349e-03  1.991791e-17
2.489566e-03  2.413213e-17
2.686173e-03  2.924672e-17
2.898306e-03  3.524594e-17
3.127192e-03  4.238352e-17
3.374153e-03  5.074397e-17
3.640618e-03  6.045124e-17
3.928126e-03  7.180155e-17
4.238339e-03  8.463348e-17
4.573051e-03  9.947439e-17
4.934195e-03  1.158074e-16
5.323860e-03  1.342583e-16
5.744297e-03  1.541553e-16
6.197938e-03  1.757184e-16
6.687403e-03  1.983800e-16
7.215523e-03  2.216696e-16
7.785349e-03  2.451515e-16
8.400176e-03  2.675303e-16
9.063558e-03  2.885139e-16
9.779328e-03  3.061519e-16
1.000000e-02  3.101941e-16
1.025660e-02  3.148485e-16
1.051979e-02  3.195728e-16
1.055162e-02  3.201408e-16
1.078972e-02  3.226500e-16
1.106659e-02  3.255230e-16
1.135056e-02  3.284215e-16
1.138491e-02  3.287689e-16
1.164181e-02  3.295849e-16
1.194054e-02  3.305139e-16
1.224694e-02  3.314455e-16
1.228400e-02  3.315568e-16
1.256119e-02  3.304022e-16
1.288351e-02  3.290962e-16
1.321411e-02  3.277952e-16
1.325410e-02  3.276404e-16
1.355318e-02  3.244382e-16
1.390095e-02  3.208403e-16
1.425765e-02  3.172822e-16
1.430081e-02  3.168604e-16
1.462351e-02  3.116119e-16
1.499875e-02  3.057579e-16
1.538361e-02  3.000140e-16
1.543017e-02  2.993361e-16
1.577836e-02  2.923144e-16
1.618323e-02  2.845415e-16
1.659849e-02  2.769752e-16
1.664873e-02  2.760862e-16
1.702441e-02  2.674599e-16
1.746126e-02  2.579915e-16
1.790931e-02  2.488585e-16
1.796352e-02  2.477908e-16
1.836887e-02  2.383358e-16
1.884021e-02  2.280371e-16
1.932365e-02  2.181832e-16
1.938214e-02  2.170366e-16
1.981950e-02  2.069487e-16
2.032807e-02  1.960618e-16
2.084969e-02  1.857476e-16
2.091279e-02  1.845542e-16
2.138469e-02  1.747361e-16
2.193342e-02  1.642200e-16
2.249624e-02  1.543367e-16
2.256432e-02  1.531984e-16
2.307349e-02  1.439165e-16
2.366556e-02  1.340574e-16
2.427282e-02  1.248738e-16
2.434628e-02  1.238213e-16
2.489566e-02  1.156665e-16
2.553448e-02  1.070565e-16
2.618970e-02  9.908732e-17
2.626896e-02  9.817735e-17
2.686173e-02  9.138829e-17
2.755100e-02  8.424724e-17
2.825796e-02  7.766416e-17
2.834348e-02  7.691416e-17
2.898306e-02  7.153919e-17
2.972676e-02  6.589029e-17
3.048955e-02  6.068739e-17
3.058183e-02  6.009489e-17
3.127192e-02  5.625471e-17
3.207436e-02  5.219114e-17
3.289738e-02  4.842208e-17
3.299695e-02  4.799109e-17
3.374153e-02  4.539531e-17
3.460734e-02  4.261867e-17
3.549537e-02  4.001287e-17
3.560280e-02  3.971297e-17
3.640618e-02  3.828050e-17
3.734036e-02  3.671798e-17
3.829852e-02  3.522083e-17
3.841443e-02  3.504652e-17
3.928126e-02  3.444482e-17
4.028922e-02  3.377597e-17
4.132304e-02  3.312325e-17
4.144811e-02  3.304638e-17
4.238339e-02  3.313447e-17
4.347095e-02  3.323835e-17
4.458642e-02  3.334650e-17
4.472136e-02  3.335959e-17
4.573051e-02  3.396195e-17
4.690395e-02  3.466411e-17
4.810751e-02  3.538471e-17
4.825311e-02  3.547208e-17
4.934195e-02  3.649468e-17
5.060807e-02  3.767542e-17
5.190667e-02  3.888082e-17
5.206377e-02  3.902719e-17
5.323860e-02  4.036207e-17
5.460470e-02  4.193338e-17
5.600586e-02  4.356630e-17
5.617536e-02  4.376531e-17
5.744297e-02  4.539397e-17
5.891696e-02  4.731675e-17
6.042877e-02  4.932160e-17
6.061166e-02  4.956642e-17
6.197938e-02  5.142400e-17
6.356977e-02  5.361863e-17
6.520097e-02  5.590644e-17
6.539831e-02  5.618561e-17
6.687403e-02  5.827307e-17
6.859002e-02  6.073964e-17
7.035004e-02  6.331190e-17
7.056296e-02  6.362579e-17
7.215523e-02  6.582389e-17
7.400673e-02  6.841330e-17
7.590575e-02  7.110566e-17
7.613548e-02  7.143385e-17
7.785349e-02  7.376482e-17
7.985122e-02  7.650521e-17
8.190020e-02  7.934864e-17
8.214808e-02  7.969475e-17
8.400176e-02  8.198648e-17
8.615725e-02  8.467141e-17
8.836805e-02  8.744596e-17
8.863550e-02  8.778321e-17
9.063558e-02  9.003955e-17
9.296129e-02  9.266608e-17
9.534668e-02  9.537872e-17
9.563525e-02  9.570799e-17
9.779328e-02  9.776424e-17
1.003027e-01  1.001543e-16
1.028764e-01  1.026076e-16
1.031878e-01  1.029045e-16
1.055162e-01  1.046770e-16
1.082238e-01  1.067321e-16
1.110008e-01  1.088385e-16
1.113368e-01  1.090934e-16
1.138491e-01  1.104727e-16
1.167705e-01  1.120629e-16
1.197668e-01  1.136869e-16
1.201293e-01  1.138826e-16
1.228400e-01  1.147397e-16
1.259921e-01  1.157373e-16
1.292251e-01  1.167577e-16
1.296162e-01  1.168811e-16
1.325410e-01  1.171517e-16
1.359420e-01  1.174836e-16
1.394303e-01  1.178308e-16
1.398523e-01  1.178720e-16
1.430081e-01  1.174683e-16
1.466776e-01  1.170556e-16
1.504414e-01  1.166769e-16
1.508967e-01  1.166331e-16
1.543017e-01  1.155584e-16
1.582611e-01  1.143947e-16
1.623221e-01  1.132747e-16
1.628134e-01  1.131478e-16
1.664873e-01  1.114842e-16
1.707594e-01  1.096801e-16
1.751411e-01  1.079772e-16
1.756711e-01  1.077788e-16
1.796352e-01  1.055507e-16
1.842446e-01  1.031427e-16
1.889724e-01  1.009028e-16
1.895443e-01  1.006433e-16
1.938214e-01  9.806437e-17
1.987949e-01  9.529502e-17
2.038959e-01  9.277502e-17
2.045130e-01  9.248498e-17
2.091279e-01  8.970135e-17
2.144941e-01  8.680312e-17
2.199981e-01  8.418553e-17
2.206639e-01  8.388796e-17
2.256432e-01  8.115244e-17
2.314332e-01  7.838772e-17
2.373718e-01  7.592135e-17
2.380902e-01  7.564806e-17
2.434628e-01  7.321751e-17
2.497101e-01  7.081314e-17
2.561176e-01  6.876166e-17
2.568928e-01  6.853842e-17
2.626896e-01  6.653395e-17
2.694302e-01  6.467324e-17
2.763438e-01  6.319847e-17
2.771802e-01  6.304086e-17
2.834348e-01  6.169649e-17
2.907078e-01  6.056694e-17
2.981673e-01  5.979751e-17
2.990698e-01  5.971994e-17
3.058183e-01  5.895126e-17
3.136656e-01  5.853159e-17
3.217143e-01  5.858348e-17
3.226880e-01  5.861410e-17
3.299695e-01  5.883910e-17
3.384365e-01  5.939307e-17
3.471208e-01  6.012275e-17
3.481714e-01  6.024923e-17
3.560280e-01  6.114924e-17
3.651636e-01  6.257329e-17
3.745338e-01  6.403364e-17
3.756673e-01  6.424221e-17
3.841443e-01  6.582723e-17
3.940015e-01  6.803153e-17
4.041116e-01  7.039046e-17
4.053346e-01  7.068875e-17
4.144811e-01  7.294595e-17
4.251167e-01  7.577189e-17
4.360252e-01  7.882787e-17
4.373448e-01  7.920700e-17
4.472136e-01  8.208105e-17
4.586891e-01  8.544742e-17
4.704591e-01  8.896375e-17
4.718830e-01  8.939458e-17
4.825311e-01  9.265211e-17
4.949129e-01  9.652858e-17
5.076123e-01  1.005459e-16
5.091486e-01  1.010391e-16
5.206377e-01  1.047563e-16
5.339973e-01  1.090361e-16
5.476997e-01  1.132758e-16
5.493573e-01  1.138025e-16
5.617536e-01  1.177597e-16
5.761683e-01  1.223261e-16
5.909528e-01  1.269758e-16
5.927413e-01  1.275242e-16
6.061166e-01  1.316131e-16
6.216696e-01  1.362924e-16
6.376217e-01  1.411636e-16
6.395515e-01  1.417275e-16
6.539831e-01  1.459615e-16
6.707643e-01  1.509937e-16
6.879761e-01  1.558005e-16
6.900583e-01  1.563717e-16
7.056296e-01  1.606552e-16
7.237361e-01  1.653949e-16
7.423072e-01  1.700281e-16
7.445538e-01  1.706006e-16
7.613548e-01  1.748878e-16
7.808912e-01  1.795776e-16
8.009289e-01  1.841141e-16
8.033530e-01  1.845990e-16
8.214808e-01  1.882188e-16
8.425600e-01  1.923704e-16
8.641801e-01  1.960444e-16
8.667956e-01  1.964993e-16
8.863550e-01  1.998915e-16
9.090989e-01  2.035475e-16
9.324264e-01  2.073179e-16
9.352484e-01  2.077093e-16
9.563525e-01  2.106220e-16
9.808925e-01  2.135398e-16
1.006062e+00  2.163203e-16
1.009107e+00  2.166223e-16
1.031878e+00  2.188650e-16
1.058356e+00  2.209872e-16
1.085513e+00  2.229297e-16
1.088799e+00  2.231248e-16
1.113368e+00  2.245702e-16
1.141937e+00  2.256254e-16
1.171239e+00  2.267033e-16
1.174784e+00  2.268071e-16
1.201293e+00  2.275753e-16
1.232118e+00  2.280628e-16
1.263734e+00  2.284174e-16
1.267559e+00  2.284050e-16
1.296162e+00  2.283138e-16
1.329421e+00  2.280121e-16
1.363534e+00  2.274343e-16
1.367661e+00  2.273290e-16
1.398523e+00  2.265532e-16
1.434409e+00  2.256080e-16
1.471216e+00  2.242912e-16
1.475668e+00  2.241231e-16
1.508967e+00  2.228854e-16
1.547687e+00  2.214083e-16
1.587401e+00  2.197881e-16
1.592205e+00  2.195825e-16
1.628134e+00  2.180701e-16
1.669912e+00  2.162599e-16
1.712762e+00  2.144236e-16
1.717946e+00  2.141994e-16
1.756711e+00  2.125511e-16
1.801789e+00  2.107473e-16
1.848023e+00  2.090587e-16
1.895443e+00  2.073519e-16
1.944080e+00  2.057450e-16
1.993965e+00  2.041790e-16
2.045130e+00  2.028019e-16
2.097608e+00  2.012343e-16
2.151433e+00  2.000873e-16
2.206639e+00  1.990430e-16
2.263261e+00  1.981194e-16
2.321337e+00  1.973598e-16
2.380902e+00  1.966568e-16
2.441996e+00  1.960337e-16
2.504658e+00  1.954591e-16
2.568928e+00  1.949180e-16
2.634847e+00  1.943549e-16
2.702457e+00  1.936941e-16
2.771802e+00  1.928900e-16
2.842926e+00  1.918644e-16
2.915876e+00  1.905283e-16
2.990698e+00  1.889195e-16
3.067439e+00  1.873246e-16
3.146150e+00  1.857480e-16
3.226880e+00  1.841481e-16
3.309682e+00  1.825180e-16
3.394608e+00  1.808220e-16
3.481714e+00  1.790345e-16
3.571055e+00  1.771508e-16
3.662688e+00  1.751354e-16
3.756673e+00  1.729964e-16
3.853069e+00  1.707684e-16
3.951939e+00  1.684635e-16
4.053346e+00  1.660790e-16
4.157355e+00  1.636372e-16
4.264033e+00  1.611837e-16
4.373448e+00  1.587224e-16
4.485671e+00  1.563040e-16
4.600774e+00  1.539836e-16
4.718830e+00  1.518170e-16
4.839915e+00  1.498675e-16
4.964107e+00  1.481861e-16
5.091486e+00  1.468828e-16
5.222134e+00  1.460375e-16
5.356134e+00  1.457827e-16
5.493573e+00  1.462556e-16
5.634538e+00  1.476035e-16
5.779121e+00  1.496999e-16
5.927413e+00  1.516214e-16
6.079511e+00  1.532608e-16
6.235511e+00  1.545617e-16
6.395515e+00  1.554722e-16
6.559624e+00  1.559298e-16
6.727944e+00  1.558652e-16
6.900583e+00  1.552074e-16
7.077652e+00  1.538598e-16
7.259265e+00  1.517405e-16
7.445538e+00  1.487507e-16
7.636591e+00  1.453775e-16
7.832546e+00  1.418514e-16
8.033530e+00  1.381838e-16
8.239670e+00  1.343710e-16
8.451100e+00  1.304246e-16
8.667956e+00  1.263550e-16
8.890376e+00  1.217165e-16
9.118503e+00  1.167137e-16
9.352484e+00  1.115116e-16
9.592470e+00  1.061547e-16
9.838613e+00  1.005383e-16
1.009107e+01  9.476620e-17
1.035001e+01  8.868118e-17
1.061559e+01  8.231912e-17
1.088799e+01  7.578568e-17
1.116737e+01  6.880999e-17
1.145393e+01  6.164383e-17
1.174784e+01  5.392358e-17
1.204929e+01  4.573109e-17
1.235847e+01  3.732420e-17
1.267559e+01  2.813692e-17
1.300085e+01  1.873610e-17
1.333445e+01  8.342705e-18
1.367661e+01  8.931602e-69
1.402755e+01  9.160787e-69
1.438750e+01  9.395853e-69
1.475668e+01  9.636951e-69
1.513534e+01  9.884235e-69
1.552372e+01  1.013787e-68
1.592205e+01  1.039800e-68
1.633061e+01  1.066482e-68
1.674966e+01  1.093848e-68
1.717946e+01  1.121916e-68
1.762028e+01  1.150704e-68
1.807242e+01  1.180231e-68
1.853616e+01  1.210516e-68
