1.000000e-03  2.864615e-19
1.078972e-03  8.726605e-19
1.164181e-03  1.917888e-18
1.256119e-03  2.738054e-18
1.355318e-03  3.351302e-18
1.462351e-03  4.128036e-18
1.577836e-03  5.083129e-18
1.702441e-03  6.243342e-18
1.836887e-03  7.657867e-18
1.981950e-03  9.377458e-18
2.138469e-03  1.144086e-17
2.307349e-03  1.396017e-17
2.489566e-03  1.693068e-17
2.686173e-03  2.052804e-17
2.898306e-03  2.475872e-17
3.127192e-03  2.979851e-17
3.374153e-03  3.569751e-17
3.640618e-03  4.259814e-17
3.928126e-03  5.061437e-17
4.238339e-03  5.977406e-17
4.573051e-03  7.032835e-17
4.934195e-03  8.201759e-17
5.323860e-03  9.519611e-17
5.744297e-03  1.094988e-16
6.197938e-03  1.250807e-16
6.687403e-03  1.414722e-16
7.215523e-03  1.584583e-16
7.785349e-03  1.756485e-16
8.400176e-03  1.921860e-16
9.063558e-03  2.078145e-16
9.779328e-03  2.211412e-16
1.000000e-02  2.242635e-16
1.025660e-02  2.278622e-16
1.051979e-02  2.315187e-16
1.055162e-02  2.319586e-16
1.078972e-02  2.339974e-16
1.106659e-02  2.363340e-16
1.135056e-02  2.386940e-16
1.138491e-02  2.389770e-16
1.164181e-02  2.398054e-16
1.194054e-02  2.407495e-16
1.224694e-02  2.416973e-16
1.228400e-02  2.418106e-16
1.256119e-02  2.412181e-16
1.288351e-02  2.405471e-16
1.321411e-02  2.398780e-16
1.325410e-02  2.397983e-16
1.355318e-02  2.376945e-16
1.390095e-02  2.353282e-16
1.425765e-02  2.329854e-16
1.430081e-02  2.327075e-16
1.462351e-02  2.291152e-16
1.499875e-02  2.251035e-16
1.538361e-02  2.211622e-16
1.543017e-02  2.206967e-16
1.577836e-02  2.157254e-16
1.618323e-02  2.102166e-16
1.659849e-02  2.048485e-16
1.664873e-02  2.042174e-16
1.702441e-02  1.980677e-16
1.746126e-02  1.913093e-16
1.790931e-02  1.847816e-16
1.796352e-02  1.840179e-16
1.836887e-02  1.771603e-16
1.884021e-02  1.696834e-16
1.932365e-02  1.625220e-16
1.938214e-02  1.616882e-16
1.981950e-02  1.543112e-16
2.032807e-02  1.463423e-16
2.084969e-02  1.387849e-16
2.091279e-02  1.379100e-16
2.138469e-02  1.306810e-16
2.193342e-02  1.229313e-16
2.249624e-02  1.156411e-16
2.256432e-02  1.148010e-16
2.307349e-02  1.079032e-16
2.366556e-02  1.005722e-16
2.427282e-02  9.373939e-17
2.434628e-02  9.295606e-17
2.489566e-02  8.686893e-17
2.553448e-02  8.043927e-17
2.618970e-02  7.448544e-17
2.626896e-02  7.380542e-17
2.686173e-02  6.866712e-17
2.755100e-02  6.326532e-17
2.825796e-02  5.828844e-17
2.834348e-02  5.772161e-17
2.898306e-02  5.365802e-17
2.972676e-02  4.938985e-17
3.048955e-02  4.546117e-17
3.058183e-02  4.501393e-17
3.127192e-02  4.206647e-17
3.207436e-02  3.895313e-17
3.289738e-02  3.607024e-17
3.299695e-02  3.574093e-17
3.374153e-02  3.372333e-17
3.460734e-02  3.157124e-17
3.549537e-02  2.955731e-17
3.560280e-02  2.932587e-17
3.640618e-02  2.819060e-17
3.734036e-02  2.695591e-17
3.829852e-02  2.577655e-17
3.841443e-02  2.563944e-17
3.928126e-02  2.512382e-17
4.028922e-02  2.455249e-17
4.132304e-02  2.399651e-17
4.144811e-02  2.393114e-17
4.238339e-02  2.393922e-17
4.347095e-02  2.395075e-17
4.458642e-02  2.396573e-17
4.472136e-02  2.396765e-17
4.573051e-02  2.435971e-17
4.690395e-02  2.481586e-17
4.810751e-02  2.528550e-17
4.825311e-02  2.534226e-17
4.934195e-02  2.604738e-17
5.060807e-02  2.685985e-17
5.190667e-02  2.768709e-17
5.206377e-02  2.778748e-17
5.323860e-02  2.872813e-17
5.460470e-02  2.983490e-17
5.600586e-02  3.098470e-17
5.617536e-02  3.112482e-17
5.744297e-02  3.227891e-17
5.891696e-02  3.364101e-17
6.042877e-02  3.506104e-17
6.061166e-02  3.523445e-17
6.197938e-02  3.656973e-17
6.356977e-02  3.814776e-17
6.520097e-02  3.979337e-17
6.539831e-02  3.999427e-17
6.687403e-02  4.149067e-17
6.859002e-02  4.325953e-17
7.035004e-02  4.510427e-17
7.056296e-02  4.532943e-17
7.215523e-02  4.692649e-17
7.400673e-02  4.880897e-17
7.590575e-02  5.076797e-17
7.613548e-02  5.100690e-17
7.785349e-02  5.269896e-17
7.985122e-02  5.468866e-17
8.190020e-02  5.675426e-17
8.214808e-02  5.700583e-17
8.400176e-02  5.869084e-17
8.615725e-02  6.066625e-17
8.836805e-02  6.270972e-17
8.863550e-02  6.295823e-17
9.063558e-02  6.462658e-17
9.296129e-02  6.656883e-17
9.534668e-02  6.857714e-17
9.563525e-02  6.882100e-17
9.779328e-02  7.035395e-17
1.003027e-01  7.213730e-17
1.028764e-01  7.396921e-17
1.031878e-01  7.419100e-17
1.055162e-01  7.553607e-17
1.082238e-01  7.709670e-17
1.110008e-01  7.869638e-17
1.113368e-01  7.889014e-17
1.138491e-01  7.996085e-17
1.167705e-01  8.119642e-17
1.197668e-01  8.245771e-17
1.201293e-01  8.260983e-17
1.228400e-01  8.330844e-17
1.259921e-01  8.411907e-17
1.292251e-01  8.494892e-17
1.296162e-01  8.504915e-17
1.325410e-01  8.533521e-17
1.359420e-01  8.567576e-17
1.394303e-01  8.603118e-17
1.398523e-01  8.607309e-17
1.430081e-01  8.585847e-17
1.466776e-01  8.564499e-17
1.504414e-01  8.546256e-17
1.508967e-01  8.544129e-17
1.543017e-01  8.474687e-17
1.582611e-01  8.399271e-17
1.623221e-01  8.326968e-17
1.628134e-01  8.318836e-17
1.664873e-01  8.204644e-17
1.707594e-01  8.080685e-17
1.751411e-01  7.963426e-17
1.756711e-01  7.949822e-17
1.796352e-01  7.793195e-17
1.842446e-01  7.623505e-17
1.889724e-01  7.465190e-17
1.895443e-01  7.446916e-17
1.938214e-01  7.262301e-17
1.987949e-01  7.063160e-17
2.038959e-01  6.881471e-17
2.045130e-01  6.860606e-17
2.091279e-01  6.658676e-17
2.144941e-01  6.448203e-17
2.199981e-01  6.257713e-17
2.206639e-01  6.236034e-17
2.256432e-01  6.035681e-17
2.314332e-01  5.832535e-17
2.373718e-01  5.651097e-17
2.380902e-01  5.630949e-17
2.434628e-01  5.450134e-17
2.497101e-01  5.270640e-17
2.561176e-01  5.117323e-17
2.568928e-01  5.100588e-17
2.626896e-01  4.949656e-17
2.694302e-01  4.807152e-17
2.763438e-01  4.695171e-17
2.771802e-01  4.683194e-17
2.834348e-01  4.580661e-17
2.907078e-01  4.491554e-17
2.981673e-01  4.430595e-17
2.990698e-01  4.424024e-17
3.058183e-01  4.360323e-17
3.136656e-01  4.324911e-17
3.217143e-01  4.324490e-17
3.226880e-01  4.325814e-17
3.299695e-01  4.334591e-17
3.384365e-01  4.373159e-17
3.471208e-01  4.420780e-17
3.481714e-01  4.429393e-17
3.560280e-01  4.489807e-17
3.651636e-01  4.590361e-17
3.745338e-01  4.692038e-17
3.756673e-01  4.707042e-17
3.841443e-01  4.821467e-17
3.940015e-01  4.979455e-17
4.041116e-01  5.149755e-17
4.053346e-01  5.171361e-17
4.144811e-01  5.334673e-17
4.251167e-01  5.539947e-17
4.360252e-01  5.763008e-17
4.373448e-01  5.790619e-17
4.472136e-01  6.000085e-17
4.586891e-01  6.247356e-17
4.704591e-01  6.504195e-17
4.718830e-01  6.535688e-17
4.825311e-01  6.773795e-17
4.949129e-01  7.060314e-17
5.076123e-01  7.353922e-17
5.091486e-01  7.390176e-17
5.206377e-01  7.663407e-17
5.339973e-01  7.979798e-17
5.476997e-01  8.293497e-17
5.493573e-01  8.332070e-17
5.617536e-01  8.621869e-17
5.761683e-01  8.958361e-17
5.909528e-01  9.301539e-17
5.927413e-01  9.342035e-17
6.061166e-01  9.643804e-17
6.216696e-01  9.991281e-17
6.376217e-01  1.035420e-16
6.395515e-01  1.039598e-16
6.539831e-01  1.070972e-16
6.707643e-01  1.107969e-16
6.879761e-01  1.143886e-16
6.900583e-01  1.148140e-16
7.056296e-01  1.180041e-16
7.237361e-01  1.215308e-16
7.423072e-01  1.249940e-16
7.445538e-01  1.254212e-16
7.613548e-01  1.286216e-16
7.808912e-01  1.321378e-16
8.009289e-01  1.354907e-16
8.033530e-01  1.358553e-16
8.214808e-01  1.385782e-16
8.425600e-01  1.417114e-16
8.641801e-01  1.444403e-16
8.667956e-01  1.447858e-16
8.863550e-01  1.473625e-16
9.090989e-01  1.500824e-16
9.324264e-01  1.529070e-16
9.352484e-01  1.532055e-16
9.563525e-01  1.554280e-16
9.808925e-01  1.576340e-16
1.006062e+00  1.597771e-16
1.009107e+00  1.600029e-16
1.031878e+00  1.616801e-16
1.058356e+00  1.632507e-16
1.085513e+00  1.647814e-16
1.088799e+00  1.649325e-16
1.113368e+00  1.660520e-16
1.141937e+00  1.668451e-16
1.171239e+00  1.676860e-16
1.174784e+00  1.677680e-16
1.201293e+00  1.683744e-16
1.232118e+00  1.687608e-16
1.263734e+00  1.690830e-16
1.267559e+00  1.690747e-16
1.296162e+00  1.690134e-16
1.329421e+00  1.688060e-16
1.363534e+00  1.683937e-16
1.367661e+00  1.683160e-16
1.398523e+00  1.677435e-16
1.434409e+00  1.670664e-16
1.471216e+00  1.660708e-16
1.475668e+00  1.659461e-16
1.508967e+00  1.650279e-16
1.547687e+00  1.639458e-16
1.587401e+00  1.627307e-16
1.592205e+00  1.625766e-16
1.628134e+00  1.614428e-16
1.669912e+00  1.600881e-16
1.712762e+00  1.587108e-16
1.717946e+00  1.585434e-16
1.756711e+00  1.573130e-16
1.801789e+00  1.559279e-16
1.848023e+00  1.546707e-16
1.895443e+00  1.533870e-16
1.944080e+00  1.521683e-16
1.993965e+00  1.510356e-16
2.045130e+00  1.500144e-16
2.097608e+00  1.488602e-16
2.151433e+00  1.480483e-16
2.206639e+00  1.473115e-16
2.263261e+00  1.466770e-16
2.321337e+00  1.461800e-16
2.380902e+00  1.457293e-16
2.441996e+00  1.453513e-16
2.504658e+00  1.450166e-16
2.568928e+00  1.447159e-16
2.634847e+00  1.444103e-16
2.702457e+00  1.440407e-16
2.771802e+00  1.435611e-16
2.842926e+00  1.429174e-16
2.915876e+00  1.420480e-16
2.990698e+00  1.409585e-16
3.067439e+00  1.398845e-16
3.146150e+00  1.388398e-16
3.226880e+00  1.377817e-16
3.309682e+00  1.366957e-16
3.394608e+00  1.355674e-16
3.481714e+00  1.343849e-16
3.571055e+00  1.331216e-16
3.662688e+00  1.317618e-16
3.756673e+00  1.302878e-16
3.853069e+00  1.286936e-16
3.951939e+00  1.270018e-16
4.053346e+00  1.252371e-16
4.157355e+00  1.234259e-16
4.264033e+00  1.215737e-16
4.373448e+00  1.197127e-16
4.485671e+00  1.178732e-16
4.600774e+00  1.161008e-16
4.718830e+00  1.144307e-16
4.839915e+00  1.129237e-16
4.964107e+00  1.116547e-16
5.091486e+00  1.106878e-16
5.222134e+00  1.100910e-16
5.356134e+00  1.099576e-16
5.493573e+00  1.103994e-16
5.634538e+00  1.115473e-16
5.779121e+00  1.133045e-16
5.927413e+00  1.149366e-16
6.079511e+00  1.163546e-16
6.235511e+00  1.175194e-16
6.395515e+00  1.183845e-16
6.559624e+00  1.189064e-16
6.727944e+00  1.190272e-16
6.900583e+00  1.186791e-16
7.077652e+00  1.177960e-16
7.259265e+00  1.162986e-16
7.445538e+00  1.141089e-16
7.636591e+00  1.116096e-16
7.832546e+00  1.089895e-16
8.033530e+00  1.062555e-16
8.239670e+00  1.034056e-16
8.451100e+00  1.004482e-16
8.667956e+00  9.739134e-17
8.890376e+00  9.424342e-17
9.118503e+00  9.100694e-17
9.352484e+00  8.711136e-17
9.592470e+00  8.298992e-17
9.838613e+00  7.870593e-17
1.009107e+01  7.425055e-17
1.035001e+01  6.955310e-17
1.061559e+01  6.470460e-17
1.088799e+01  5.964023e-17
1.116737e+01  5.423299e-17
1.145393e+01  4.864048e-17
1.174784e+01  4.274260e-17
1.204929e+01  3.633499e-17
1.235847e+01  2.969330e-17
1.267559e+01  2.261578e-17
1.300085e+01  1.507035e-17
1.333445e+01  6.694055e-18
1.367661e+01  7.667945e-69
1.402755e+01  7.864705e-69
1.438750e+01  8.066514e-69
1.475668e+01  8.273501e-69
1.513534e+01  8.485799e-69
1.552372e+01  8.703545e-69
1.592205e+01  8.926878e-69
1.633061e+01  9.155942e-69
1.674966e+01  9.390884e-69
1.717946e+01  9.631854e-69
1.762028e+01  9.879008e-69
1.807242e+01  1.013250e-68
1.853616e+01  1.039250e-68
