1.000000e-03  3.697684e-19
1.078972e-03  1.020162e-18
1.164181e-03  2.172216e-18
1.256119e-03  3.074482e-18
1.355318e-03  3.765492e-18
1.462351e-03  4.638520e-18
1.577836e-03  5.706295e-18
1.702441e-03  7.015314e-18
1.836887e-03  8.591851e-18
1.981950e-03  1.053147e-17
2.138469e-03  1.283694e-17
2.307349e-03  1.566492e-17
2.489566e-03  1.899209e-17
2.686173e-03  2.302257e-17
2.898306e-03  2.776733e-17
3.127192e-03  3.340183e-17
3.374153e-03  4.002279e-17
3.640618e-03  4.771303e-17
3.928126e-03  5.671923e-17
4.238339e-03  6.690935e-17
4.573051e-03  7.873404e-17
4.934195e-03  9.173165e-17
5.323860e-03  1.064652e-16
5.744297e-03  1.223788e-16
6.197938e-03  1.396743e-16
6.687403e-03  1.579064e-16
7.215523e-03  1.766839e-16
7.785349e-03  1.957422e-16
8.400176e-03  2.139679e-16
9.063558e-03  2.312134e-16
9.779328e-03  2.457973e-16
1.000000e-02  2.491977e-16
1.025660e-02  2.531156e-16
1.051979e-02  2.570952e-16
1.055162e-02  2.575739e-16
1.078972e-02  2.597616e-16
1.106659e-02  2.622682e-16
1.135056e-02  2.647989e-16
1.138491e-02  2.651023e-16
1.164181e-02  2.659391e-16
1.194054e-02  2.668925e-16
1.224694e-02  2.678494e-16
1.228400e-02  2.679637e-16
1.256119e-02  2.672119e-16
1.288351e-02  2.663609e-16
1.321411e-02  2.655125e-16
1.325410e-02  2.654115e-16
1.355318e-02  2.630084e-16
1.390095e-02  2.603062e-16
1.425765e-02  2.576317e-16
1.430081e-02  2.573145e-16
1.462351e-02  2.532259e-16
1.499875e-02  2.486622e-16
1.538361e-02  2.441809e-16
1.543017e-02  2.436518e-16
1.577836e-02  2.381207e-16
1.618323e-02  2.319928e-16
1.659849e-02  2.260225e-16
1.664873e-02  2.253207e-16
1.702441e-02  2.184214e-16
1.746126e-02  2.108433e-16
1.790931e-02  2.035284e-16
1.796352e-02  2.026729e-16
1.836887e-02  1.950736e-16
1.884021e-02  1.867901e-16
1.932365e-02  1.788583e-16
1.938214e-02  1.779349e-16
1.981950e-02  1.697553e-16
2.032807e-02  1.609228e-16
2.084969e-02  1.525499e-16
2.091279e-02  1.515808e-16
2.138469e-02  1.435971e-16
2.193342e-02  1.350407e-16
2.249624e-02  1.269941e-16
2.256432e-02  1.260670e-16
2.307349e-02  1.184818e-16
2.366556e-02  1.104211e-16
2.427282e-02  1.029088e-16
2.434628e-02  1.020476e-16
2.489566e-02  9.533536e-17
2.553448e-02  8.824778e-17
2.618970e-02  8.168705e-17
2.626896e-02  8.093786e-17
2.686173e-02  7.532568e-17
2.755100e-02  6.942380e-17
2.825796e-02  6.398432e-17
2.834348e-02  6.336469e-17
2.898306e-02  5.891748e-17
2.972676e-02  5.424523e-17
3.048955e-02  4.994346e-17
3.058183e-02  4.945368e-17
3.127192e-02  4.623794e-17
3.207436e-02  4.283946e-17
3.289738e-02  3.969080e-17
3.299695e-02  3.933102e-17
3.374153e-02  3.713980e-17
3.460734e-02  3.480037e-17
3.549537e-02  3.260914e-17
3.560280e-02  3.235721e-17
3.640618e-02  3.113012e-17
3.734036e-02  2.979423e-17
3.829852e-02  2.851708e-17
3.841443e-02  2.836855e-17
3.928126e-02  2.782659e-17
4.028922e-02  2.722532e-17
4.132304e-02  2.663960e-17
4.144811e-02  2.657069e-17
4.238339e-02  2.660032e-17
4.347095e-02  2.663649e-17
4.458642e-02  2.667651e-17
4.472136e-02  2.668143e-17
4.573051e-02  2.713206e-17
4.690395e-02  2.765724e-17
4.810751e-02  2.819620e-17
4.825311e-02  2.826144e-17
4.934195e-02  2.905808e-17
5.060807e-02  2.997752e-17
5.190667e-02  3.091417e-17
5.206377e-02  3.102785e-17
5.323860e-02  3.207970e-17
5.460470e-02  3.331749e-17
5.600586e-02  3.460346e-17
5.617536e-02  3.476017e-17
5.744297e-02  3.605465e-17
5.891696e-02  3.758255e-17
6.042877e-02  3.917603e-17
6.061166e-02  3.937060e-17
6.197938e-02  4.085212e-17
6.356977e-02  4.260254e-17
6.520097e-02  4.442824e-17
6.539831e-02  4.465097e-17
6.687403e-02  4.632403e-17
6.859002e-02  4.830217e-17
7.035004e-02  5.036501e-17
7.056296e-02  5.061682e-17
7.215523e-02  5.238430e-17
7.400673e-02  5.446745e-17
7.590575e-02  5.663383e-17
7.613548e-02  5.689802e-17
7.785349e-02  5.877995e-17
7.985122e-02  6.099316e-17
8.190020e-02  6.329060e-17
8.214808e-02  6.357038e-17
8.400176e-02  6.543204e-17
8.615725e-02  6.761298e-17
8.836805e-02  6.986977e-17
8.863550e-02  7.014404e-17
9.063558e-02  7.198060e-17
9.296129e-02  7.411873e-17
9.534668e-02  7.632848e-17
9.563525e-02  7.659686e-17
9.779328e-02  7.828729e-17
1.003027e-01  8.025284e-17
1.028764e-01  8.227123e-17
1.031878e-01  8.251556e-17
1.055162e-01  8.398593e-17
1.082238e-01  8.569236e-17
1.110008e-01  8.743994e-17
1.113368e-01  8.765171e-17
1.138491e-01  8.881598e-17
1.167705e-01  9.015846e-17
1.197668e-01  9.152866e-17
1.201293e-01  9.169403e-17
1.228400e-01  9.244514e-17
1.259921e-01  9.331682e-17
1.292251e-01  9.420757e-17
1.296162e-01  9.431543e-17
1.325410e-01  9.459789e-17
1.359420e-01  9.493375e-17
1.394303e-01  9.528829e-17
1.398523e-01  9.532990e-17
1.430081e-01  9.506652e-17
1.466776e-01  9.480339e-17
1.504414e-01  9.457480e-17
1.508967e-01  9.454728e-17
1.543017e-01  9.373673e-17
1.582611e-01  9.286402e-17
1.623221e-01  9.202504e-17
1.628134e-01  9.193031e-17
1.664873e-01  9.063922e-17
1.707594e-01  8.923675e-17
1.751411e-01  8.791412e-17
1.756711e-01  8.776026e-17
1.796352e-01  8.600413e-17
1.842446e-01  8.410024e-17
1.889724e-01  8.233425e-17
1.895443e-01  8.212874e-17
1.938214e-01  8.005920e-17
1.987949e-01  7.783865e-17
2.038959e-01  7.581028e-17
2.045130e-01  7.557743e-17
2.091279e-01  7.334060e-17
2.144941e-01  7.101327e-17
2.199981e-01  6.890055e-17
2.206639e-01  6.866088e-17
2.256432e-01  6.643553e-17
2.314332e-01  6.417700e-17
2.373718e-01  6.216286e-17
2.380902e-01  6.193908e-17
2.434628e-01  5.995448e-17
2.497101e-01  5.798771e-17
2.561176e-01  5.630346e-17
2.568928e-01  5.612102e-17
2.626896e-01  5.446092e-17
2.694302e-01  5.289271e-17
2.763438e-01  5.166657e-17
2.771802e-01  5.153440e-17
2.834348e-01  5.041542e-17
2.907078e-01  4.944534e-17
2.981673e-01  4.880622e-17
2.990698e-01  4.873541e-17
3.058183e-01  4.804524e-17
3.136656e-01  4.765938e-17
3.217143e-01  4.769308e-17
3.226880e-01  4.770920e-17
3.299695e-01  4.781832e-17
3.384365e-01  4.825768e-17
3.471208e-01  4.879951e-17
3.481714e-01  4.889693e-17
3.560280e-01  4.958505e-17
3.651636e-01  5.069710e-17
3.745338e-01  5.184198e-17
3.756673e-01  5.200814e-17
3.841443e-01  5.327279e-17
3.940015e-01  5.503984e-17
4.041116e-01  5.693108e-17
4.053346e-01  5.717097e-17
4.144811e-01  5.898504e-17
4.251167e-01  6.125358e-17
4.360252e-01  6.371715e-17
4.373448e-01  6.402241e-17
4.472136e-01  6.633864e-17
4.586891e-01  6.906443e-17
4.704591e-01  7.192100e-17
4.718830e-01  7.227002e-17
4.825311e-01  7.490775e-17
4.949129e-01  7.805898e-17
5.076123e-01  8.128485e-17
5.091486e-01  8.168618e-17
5.206377e-01  8.471158e-17
5.339973e-01  8.820852e-17
5.476997e-01  9.165126e-17
5.493573e-01  9.207700e-17
5.617536e-01  9.527577e-17
5.761683e-01  9.900194e-17
5.909528e-01  1.027910e-16
5.927413e-01  1.032363e-16
6.061166e-01  1.065543e-16
6.216696e-01  1.103861e-16
6.376217e-01  1.143687e-16
6.395515e-01  1.148277e-16
6.539831e-01  1.182746e-16
6.707643e-01  1.223453e-16
6.879761e-01  1.263119e-16
6.900583e-01  1.267813e-16
7.056296e-01  1.303014e-16
7.237361e-01  1.341496e-16
7.423072e-01  1.379860e-16
7.445538e-01  1.384528e-16
7.613548e-01  1.419491e-16
7.808912e-01  1.458114e-16
8.009289e-01  1.494731e-16
8.033530e-01  1.498741e-16
8.214808e-01  1.528687e-16
8.425600e-01  1.563423e-16
8.641801e-01  1.593017e-16
8.667956e-01  1.596808e-16
8.863550e-01  1.625085e-16
9.090989e-01  1.654894e-16
9.324264e-01  1.685822e-16
9.352484e-01  1.689094e-16
9.563525e-01  1.713455e-16
9.808925e-01  1.737593e-16
1.006062e+00  1.760932e-16
1.009107e+00  1.763389e-16
1.031878e+00  1.781634e-16
1.058356e+00  1.799432e-16
1.085513e+00  1.815748e-16
1.088799e+00  1.817351e-16
1.113368e+00  1.829230e-16
1.141937e+00  1.838119e-16
1.171239e+00  1.847126e-16
1.174784e+00  1.848036e-16
1.201293e+00  1.854772e-16
1.232118e+00  1.858638e-16
1.263734e+00  1.862405e-16
1.267559e+00  1.862276e-16
1.296162e+00  1.861325e-16
1.329421e+00  1.858840e-16
1.363534e+00  1.854670e-16
1.367661e+00  1.853784e-16
1.398523e+00  1.847253e-16
1.434409e+00  1.839757e-16
1.471216e+00  1.828783e-16
1.475668e+00  1.827423e-16
1.508967e+00  1.817408e-16
1.547687e+00  1.805398e-16
1.587401e+00  1.792046e-16
1.592205e+00  1.790365e-16
1.628134e+00  1.777996e-16
1.669912e+00  1.763003e-16
1.712762e+00  1.748069e-16
1.717946e+00  1.746209e-16
1.756711e+00  1.732536e-16
1.801789e+00  1.717596e-16
1.848023e+00  1.703758e-16
1.895443e+00  1.689559e-16
1.944080e+00  1.676581e-16
1.993965e+00  1.663789e-16
2.045130e+00  1.652495e-16
2.097608e+00  1.639864e-16
2.151433e+00  1.630803e-16
2.206639e+00  1.622611e-16
2.263261e+00  1.615468e-16
2.321337e+00  1.609754e-16
2.380902e+00  1.604559e-16
2.441996e+00  1.600083e-16
2.504658e+00  1.596084e-16
2.568928e+00  1.592420e-16
2.634847e+00  1.588641e-16
2.702457e+00  1.584216e-16
2.771802e+00  1.578589e-16
2.842926e+00  1.571082e-16
2.915876e+00  1.561067e-16
2.990698e+00  1.548733e-16
3.067439e+00  1.536510e-16
3.146150e+00  1.524555e-16
3.226880e+00  1.512411e-16
3.309682e+00  1.500150e-16
3.394608e+00  1.487287e-16
3.481714e+00  1.473784e-16
3.571055e+00  1.459353e-16
3.662688e+00  1.443890e-16
3.756673e+00  1.427179e-16
3.853069e+00  1.409321e-16
3.951939e+00  1.390587e-16
4.053346e+00  1.371319e-16
4.157355e+00  1.351355e-16
4.264033e+00  1.331034e-16
4.373448e+00  1.310699e-16
4.485671e+00  1.290673e-16
4.600774e+00  1.271314e-16
4.718830e+00  1.253140e-16
4.839915e+00  1.236830e-16
4.964107e+00  1.223123e-16
5.091486e+00  1.212464e-16
5.222134e+00  1.205786e-16
5.356134e+00  1.204095e-16
5.493573e+00  1.208579e-16
5.634538e+00  1.220664e-16
5.779121e+00  1.239273e-16
5.927413e+00  1.256539e-16
6.079511e+00  1.271428e-16
6.235511e+00  1.283527e-16
6.395515e+00  1.292363e-16
6.559624e+00  1.297436e-16
6.727944e+00  1.298153e-16
6.900583e+00  1.293844e-16
7.077652e+00  1.283718e-16
7.259265e+00  1.266986e-16
7.445538e+00  1.242776e-16
7.636591e+00  1.215263e-16
7.832546e+00  1.186428e-16
8.033530e+00  1.156381e-16
8.239670e+00  1.125082e-16
8.451100e+00  1.092640e-16
8.667956e+00  1.059119e-16
8.890376e+00  1.024638e-16
9.118503e+00  9.862513e-17
9.352484e+00  9.431527e-17
9.592470e+00  8.983586e-17
9.838613e+00  8.513709e-17
1.009107e+01  8.029638e-17
1.035001e+01  7.519092e-17
1.061559e+01  6.992887e-17
1.088799e+01  6.443648e-17
1.116737e+01  5.857405e-17
1.145393e+01  5.252042e-17
1.174784e+01  4.598375e-17
1.204929e+01  3.923070e-17
1.235847e+01  3.207435e-17
1.267559e+01  2.421236e-17
1.300085e+01  1.609417e-17
1.333445e+01  7.095462e-18
1.367661e+01  8.053928e-69
1.402755e+01  8.260592e-69
1.438750e+01  8.472559e-69
1.475668e+01  8.689965e-69
1.513534e+01  8.912950e-69
1.552372e+01  9.141656e-69
1.592205e+01  9.376232e-69
1.633061e+01  9.616826e-69
1.674966e+01  9.863594e-69
1.717946e+01  1.011669e-68
1.762028e+01  1.037629e-68
1.807242e+01  1.064254e-68
1.853616e+01  1.091563e-68
