1.000000e-03  1.723979e-19
1.078972e-03  6.700731e-19
1.164181e-03  1.571103e-18
1.256119e-03  2.270177e-18
1.355318e-03  2.775028e-18
1.462351e-03  3.421740e-18
1.577836e-03  4.210944e-18
1.702441e-03  5.178692e-18
1.836887e-03  6.347165e-18
1.981950e-03  7.780056e-18
2.138469e-03  9.490167e-18
2.307349e-03  1.158360e-17
2.489566e-03  1.405313e-17
2.686173e-03  1.703705e-17
2.898306e-03  2.057020e-17
3.127192e-03  2.475529e-17
3.374153e-03  2.969277e-17
3.640618e-03  3.543035e-17
3.928126e-03  4.214684e-17
4.238339e-03  4.978184e-17
4.573051e-03  5.862222e-17
4.934195e-03  6.840405e-17
5.323860e-03  7.944891e-17
5.744297e-03  9.148868e-17
6.197938e-03  1.045493e-16
6.687403e-03  1.184271e-16
7.215523e-03  1.327496e-16
7.785349e-03  1.473496e-16
8.400176e-03  1.613985e-16
9.063558e-03  1.747851e-16
9.779328e-03  1.862476e-16
1.000000e-02  1.889673e-16
1.025660e-02  1.921036e-16
1.051979e-02  1.952919e-16
1.055162e-02  1.956756e-16
1.078972e-02  1.974877e-16
1.106659e-02  1.995657e-16
1.135056e-02  2.016654e-16
1.138491e-02  2.019173e-16
1.164181e-02  2.027243e-16
1.194054e-02  2.036446e-16
1.224694e-02  2.045690e-16
1.228400e-02  2.046795e-16
1.256119e-02  2.042766e-16
1.288351e-02  2.038201e-16
1.321411e-02  2.033646e-16
1.325410e-02  2.033103e-16
1.355318e-02  2.016442e-16
1.390095e-02  1.997690e-16
1.425765e-02  1.979112e-16
1.430081e-02  1.976907e-16
1.462351e-02  1.947323e-16
1.499875e-02  1.914268e-16
1.538361e-02  1.881776e-16
1.543017e-02  1.877937e-16
1.577836e-02  1.836816e-16
1.618323e-02  1.791217e-16
1.659849e-02  1.746750e-16
1.664873e-02  1.741520e-16
1.702441e-02  1.689921e-16
1.746126e-02  1.633184e-16
1.790931e-02  1.578353e-16
1.796352e-02  1.571936e-16
1.836887e-02  1.514185e-16
1.884021e-02  1.451181e-16
1.932365e-02  1.390798e-16
1.938214e-02  1.383765e-16
1.981950e-02  1.321444e-16
2.032807e-02  1.254079e-16
2.084969e-02  1.190148e-16
2.091279e-02  1.182744e-16
2.138469e-02  1.121109e-16
2.193342e-02  1.055012e-16
2.249624e-02  9.928101e-17
2.256432e-02  9.856409e-17
2.307349e-02  9.269613e-17
2.366556e-02  8.645583e-17
2.427282e-02  8.063565e-17
2.434628e-02  7.996817e-17
2.489566e-02  7.472316e-17
2.553448e-02  6.918367e-17
2.618970e-02  6.405479e-17
2.626896e-02  6.346903e-17
2.686173e-02  5.906971e-17
2.755100e-02  5.444317e-17
2.825796e-02  5.017897e-17
2.834348e-02  4.969321e-17
2.898306e-02  4.616437e-17
2.972676e-02  4.246048e-17
3.048955e-02  3.905374e-17
3.058183e-02  3.866609e-17
3.127192e-02  3.611596e-17
3.207436e-02  3.342377e-17
3.289738e-02  3.093230e-17
3.299695e-02  3.064779e-17
3.374153e-02  2.887712e-17
3.460734e-02  2.699047e-17
3.549537e-02  2.522815e-17
3.560280e-02  2.502580e-17
3.640618e-02  2.402275e-17
3.734036e-02  2.293336e-17
3.829852e-02  2.189454e-17
3.841443e-02  2.177389e-17
3.928126e-02  2.130220e-17
4.028922e-02  2.078020e-17
4.132304e-02  2.027297e-17
4.144811e-02  2.021341e-17
4.238339e-02  2.019458e-17
4.347095e-02  2.017529e-17
4.458642e-02  2.015871e-17
4.472136e-02  2.015690e-17
4.573051e-02  2.046594e-17
4.690395e-02  2.082553e-17
4.810751e-02  2.119448e-17
4.825311e-02  2.123922e-17
4.934195e-02  2.182136e-17
5.060807e-02  2.249120e-17
5.190667e-02  2.317197e-17
5.206377e-02  2.325455e-17
5.323860e-02  2.403338e-17
5.460470e-02  2.494949e-17
5.600586e-02  2.590082e-17
5.617536e-02  2.601672e-17
5.744297e-02  2.698258e-17
5.891696e-02  2.812261e-17
6.042877e-02  2.931126e-17
6.061166e-02  2.945641e-17
6.197938e-02  3.057354e-17
6.356977e-02  3.189388e-17
6.520097e-02  3.327083e-17
6.539831e-02  3.343887e-17
6.687403e-02  3.469857e-17
6.859002e-02  3.618846e-17
7.035004e-02  3.774300e-17
7.056296e-02  3.793273e-17
7.215523e-02  3.927703e-17
7.400673e-02  4.086227e-17
7.590575e-02  4.251199e-17
7.613548e-02  4.271319e-17
7.785349e-02  4.414354e-17
7.985122e-02  4.582638e-17
8.190020e-02  4.757447e-17
8.214808e-02  4.778732e-17
8.400176e-02  4.921817e-17
8.615725e-02  5.089606e-17
8.836805e-02  5.263400e-17
8.863550e-02  5.284523e-17
9.063558e-02  5.425982e-17
9.296129e-02  5.590728e-17
9.534668e-02  5.761100e-17
9.563525e-02  5.781795e-17
9.779328e-02  5.913570e-17
1.003027e-01  6.066939e-17
1.028764e-01  6.224594e-17
1.031878e-01  6.243682e-17
1.055162e-01  6.359362e-17
1.082238e-01  6.493673e-17
1.110008e-01  6.631370e-17
1.113368e-01  6.648047e-17
1.138491e-01  6.741645e-17
1.167705e-01  6.849773e-17
1.197668e-01  6.960196e-17
1.201293e-01  6.973522e-17
1.228400e-01  7.036134e-17
1.259921e-01  7.108604e-17
1.292251e-01  7.182730e-17
1.296162e-01  7.191697e-17
1.325410e-01  7.219521e-17
1.359420e-01  7.252472e-17
1.394303e-01  7.286642e-17
1.398523e-01  7.290656e-17
1.430081e-01  7.276426e-17
1.466776e-01  7.263325e-17
1.504414e-01  7.252316e-17
1.508967e-01  7.251049e-17
1.543017e-01  7.195957e-17
1.582611e-01  7.136728e-17
1.623221e-01  7.079599e-17
1.628134e-01  7.073166e-17
1.664873e-01  6.979695e-17
1.707594e-01  6.878483e-17
1.751411e-01  6.782998e-17
1.756711e-01  6.771883e-17
1.796352e-01  6.642504e-17
1.842446e-01  6.502216e-17
1.889724e-01  6.372278e-17
1.895443e-01  6.357178e-17
1.938214e-01  6.202332e-17
1.987949e-01  6.034765e-17
2.038959e-01  5.882161e-17
2.045130e-01  5.864657e-17
2.091279e-01  5.694819e-17
2.144941e-01  5.517695e-17
2.199981e-01  5.357307e-17
2.206639e-01  5.339078e-17
2.256432e-01  5.169363e-17
2.314332e-01  4.996993e-17
2.373718e-01  4.842754e-17
2.380902e-01  4.825616e-17
2.434628e-01  4.671846e-17
2.497101e-01  4.519034e-17
2.561176e-01  4.388096e-17
2.568928e-01  4.373811e-17
2.626896e-01  4.244279e-17
2.694302e-01  4.123131e-17
2.763438e-01  4.025933e-17
2.771802e-01  4.015607e-17
2.834348e-01  3.927164e-17
2.907078e-01  3.850176e-17
2.981673e-01  3.796889e-17
2.990698e-01  3.791211e-17
3.058183e-01  3.735949e-17
3.136656e-01  3.702491e-17
3.217143e-01  3.700801e-17
3.226880e-01  3.701952e-17
3.299695e-01  3.709586e-17
3.384365e-01  3.739830e-17
3.471208e-01  3.778752e-17
3.481714e-01  3.786047e-17
3.560280e-01  3.837189e-17
3.651636e-01  3.920939e-17
3.745338e-01  4.006562e-17
3.756673e-01  4.019086e-17
3.841443e-01  4.114252e-17
3.940015e-01  4.249143e-17
4.041116e-01  4.393523e-17
4.053346e-01  4.411814e-17
4.144811e-01  4.550143e-17
4.251167e-01  4.724057e-17
4.360252e-01  4.914289e-17
4.373448e-01  4.938005e-17
4.472136e-01  5.117895e-17
4.586891e-01  5.327211e-17
4.704591e-01  5.545941e-17
4.718830e-01  5.573013e-17
4.825311e-01  5.777912e-17
4.949129e-01  6.021857e-17
5.076123e-01  6.272826e-17
5.091486e-01  6.303995e-17
5.206377e-01  6.538835e-17
5.339973e-01  6.808638e-17
5.476997e-01  7.077597e-17
5.493573e-01  7.110598e-17
5.617536e-01  7.358541e-17
5.761683e-01  7.646500e-17
5.909528e-01  7.940764e-17
5.927413e-01  7.975421e-17
6.061166e-01  8.233582e-17
6.216696e-01  8.531273e-17
6.376217e-01  8.843279e-17
6.395515e-01  8.879313e-17
6.539831e-01  9.149969e-17
6.707643e-01  9.467846e-17
6.879761e-01  9.775205e-17
6.900583e-01  9.811774e-17
7.056296e-01  1.008607e-16
7.237361e-01  1.038975e-16
7.423072e-01  1.068878e-16
7.445538e-01  1.072565e-16
7.613548e-01  1.100184e-16
7.808912e-01  1.130835e-16
8.009289e-01  1.159453e-16
8.033530e-01  1.162572e-16
8.214808e-01  1.185863e-16
8.425600e-01  1.213274e-16
8.641801e-01  1.236609e-16
8.667956e-01  1.239570e-16
8.863550e-01  1.261654e-16
9.090989e-01  1.285334e-16
9.324264e-01  1.310049e-16
9.352484e-01  1.312623e-16
9.563525e-01  1.331786e-16
9.808925e-01  1.350897e-16
1.006062e+00  1.369254e-16
1.009107e+00  1.371234e-16
1.031878e+00  1.385944e-16
1.058356e+00  1.400257e-16
1.085513e+00  1.412906e-16
1.088799e+00  1.414215e-16
1.113368e+00  1.423916e-16
1.141937e+00  1.431209e-16
1.171239e+00  1.438529e-16
1.174784e+00  1.439263e-16
1.201293e+00  1.444693e-16
1.232118e+00  1.448127e-16
1.263734e+00  1.450976e-16
1.267559e+00  1.450919e-16
1.296162e+00  1.450497e-16
1.329421e+00  1.448839e-16
1.363534e+00  1.445477e-16
1.367661e+00  1.444811e-16
1.398523e+00  1.439906e-16
1.434409e+00  1.434144e-16
1.471216e+00  1.425598e-16
1.475668e+00  1.424523e-16
1.508967e+00  1.416606e-16
1.547687e+00  1.407221e-16
1.587401e+00  1.396818e-16
1.592205e+00  1.395502e-16
1.628134e+00  1.385818e-16
1.669912e+00  1.374029e-16
1.712762e+00  1.362127e-16
1.717946e+00  1.360670e-16
1.756711e+00  1.349961e-16
1.801789e+00  1.338103e-16
1.848023e+00  1.327145e-16
1.895443e+00  1.316004e-16
1.944080e+00  1.305689e-16
1.993965e+00  1.295768e-16
2.045130e+00  1.286825e-16
2.097608e+00  1.276987e-16
2.151433e+00  1.270182e-16
2.206639e+00  1.264041e-16
2.263261e+00  1.258807e-16
2.321337e+00  1.254815e-16
2.380902e+00  1.251249e-16
2.441996e+00  1.248323e-16
2.504658e+00  1.245844e-16
2.568928e+00  1.243718e-16
2.634847e+00  1.241575e-16
2.702457e+00  1.238844e-16
2.771802e+00  1.235279e-16
2.842926e+00  1.230266e-16
2.915876e+00  1.223276e-16
2.990698e+00  1.214334e-16
3.067439e+00  1.205628e-16
3.146150e+00  1.197154e-16
3.226880e+00  1.188535e-16
3.309682e+00  1.179747e-16
3.394608e+00  1.170693e-16
3.481714e+00  1.161128e-16
3.571055e+00  1.150791e-16
3.662688e+00  1.139700e-16
3.756673e+00  1.127712e-16
3.853069e+00  1.114611e-16
3.951939e+00  1.100304e-16
4.053346e+00  1.085196e-16
4.157355e+00  1.069519e-16
4.264033e+00  1.053468e-16
4.373448e+00  1.037271e-16
4.485671e+00  1.021246e-16
4.600774e+00  1.005697e-16
4.718830e+00  9.909775e-17
4.839915e+00  9.777545e-17
4.964107e+00  9.665313e-17
5.091486e+00  9.580521e-17
5.222134e+00  9.529774e-17
5.356134e+00  9.521283e-17
5.493573e+00  9.564067e-17
5.634538e+00  9.669720e-17
5.779121e+00  9.829791e-17
5.927413e+00  9.979880e-17
6.079511e+00  1.011152e-16
6.235511e+00  1.022054e-16
6.395515e+00  1.030422e-16
6.559624e+00  1.035734e-16
6.727944e+00  1.037539e-16
6.900583e+00  1.035222e-16
7.077652e+00  1.028195e-16
7.259265e+00  1.015684e-16
7.445538e+00  9.970136e-17
7.636591e+00  9.755848e-17
7.832546e+00  9.530914e-17
8.033530e+00  9.295742e-17
8.239670e+00  9.050101e-17
8.451100e+00  8.794931e-17
8.667956e+00  8.530781e-17
8.890376e+00  8.258556e-17
9.118503e+00  7.978320e-17
9.352484e+00  7.688611e-17
9.592470e+00  7.334139e-17
9.838613e+00  6.957674e-17
1.009107e+01  6.565119e-17
1.035001e+01  6.155719e-17
1.061559e+01  5.727437e-17
1.088799e+01  5.279232e-17
1.116737e+01  4.807913e-17
1.145393e+01  4.320967e-17
1.174784e+01  3.797290e-17
1.204929e+01  3.240585e-17
1.235847e+01  2.647032e-17
1.267559e+01  2.012054e-17
1.300085e+01  1.329388e-17
1.333445e+01  5.950369e-18
1.367661e+01  7.089371e-69
1.402755e+01  7.271285e-69
1.438750e+01  7.457866e-69
1.475668e+01  7.649235e-69
1.513534e+01  7.845515e-69
1.552372e+01  8.046831e-69
1.592205e+01  8.253313e-69
1.633061e+01  8.465093e-69
1.674966e+01  8.682308e-69
1.717946e+01  8.905096e-69
1.762028e+01  9.133601e-69
1.807242e+01  9.367970e-69
1.853616e+01  9.608352e-69
