1.000000e-03  7.844546e-20
1.078972e-03  5.151518e-19
1.164181e-03  1.303660e-18
1.256119e-03  1.901267e-18
1.355318e-03  2.326300e-18
1.462351e-03  2.865314e-18
1.577836e-03  3.529634e-18
1.702441e-03  4.340162e-18
1.836887e-03  5.319363e-18
1.981950e-03  6.524709e-18
2.138469e-03  7.953852e-18
2.307349e-03  9.723773e-18
2.489566e-03  1.178581e-17
2.686173e-03  1.430999e-17
2.898306e-03  1.726660e-17
3.127192e-03  2.080197e-17
3.374153e-03  2.495394e-17
3.640618e-03  2.978387e-17
3.928126e-03  3.546052e-17
4.238339e-03  4.186863e-17
4.573051e-03  4.938278e-17
4.934195e-03  5.760531e-17
5.323860e-03  6.701409e-17
5.744297e-03  7.717566e-17
6.197938e-03  8.831747e-17
6.687403e-03  1.001057e-16
7.215523e-03  1.123322e-16
7.785349e-03  1.248318e-16
8.400176e-03  1.368456e-16
9.063558e-03  1.484253e-16
9.779328e-03  1.583375e-16
1.000000e-02  1.607209e-16
1.025660e-02  1.634706e-16
1.051979e-02  1.662674e-16
1.055162e-02  1.666041e-16
1.078972e-02  1.682229e-16
1.106659e-02  1.700800e-16
1.135056e-02  1.719576e-16
1.138491e-02  1.721829e-16
1.164181e-02  1.729484e-16
1.194054e-02  1.738217e-16
1.224694e-02  1.746994e-16
1.228400e-02  1.748044e-16
1.256119e-02  1.745517e-16
1.288351e-02  1.742652e-16
1.321411e-02  1.739792e-16
1.325410e-02  1.739451e-16
1.355318e-02  1.726057e-16
1.390095e-02  1.710974e-16
1.425765e-02  1.696022e-16
1.430081e-02  1.694247e-16
1.462351e-02  1.669753e-16
1.499875e-02  1.642371e-16
1.538361e-02  1.615438e-16
1.543017e-02  1.612255e-16
1.577836e-02  1.577958e-16
1.618323e-02  1.539900e-16
1.659849e-02  1.502760e-16
1.664873e-02  1.498390e-16
1.702441e-02  1.454576e-16
1.746126e-02  1.406379e-16
1.790931e-02  1.359780e-16
1.796352e-02  1.354325e-16
1.836887e-02  1.305506e-16
1.884021e-02  1.252207e-16
1.932365e-02  1.201082e-16
1.938214e-02  1.195125e-16
1.981950e-02  1.141524e-16
2.032807e-02  1.083572e-16
2.084969e-02  1.028562e-16
2.091279e-02  1.022190e-16
2.138469e-02  9.696390e-17
2.193342e-02  9.132388e-17
2.249624e-02  8.601182e-17
2.256432e-02  8.539928e-17
2.307349e-02  8.032463e-17
2.366556e-02  7.492731e-17
2.427282e-02  6.989267e-17
2.434628e-02  6.931523e-17
2.489566e-02  6.479971e-17
2.553448e-02  6.002826e-17
2.618970e-02  5.560810e-17
2.626896e-02  5.510313e-17
2.686173e-02  5.127470e-17
2.755100e-02  4.724928e-17
2.825796e-02  4.353986e-17
2.834348e-02  4.311735e-17
2.898306e-02  4.004813e-17
2.972676e-02  3.682729e-17
3.048955e-02  3.386546e-17
3.058183e-02  3.352847e-17
3.127192e-02  3.129329e-17
3.207436e-02  2.893551e-17
3.289738e-02  2.675541e-17
3.299695e-02  2.650658e-17
3.374153e-02  2.494817e-17
3.460734e-02  2.328947e-17
3.549537e-02  2.174133e-17
3.560280e-02  2.156371e-17
3.640618e-02  2.066896e-17
3.734036e-02  1.969866e-17
3.829852e-02  1.877488e-17
3.841443e-02  1.866769e-17
3.928126e-02  1.823787e-17
4.028922e-02  1.776294e-17
4.132304e-02  1.730212e-17
4.144811e-02  1.724803e-17
4.238339e-02  1.720891e-17
4.347095e-02  1.716666e-17
4.458642e-02  1.712660e-17
4.472136e-02  1.712198e-17
4.573051e-02  1.737125e-17
4.690395e-02  1.766171e-17
4.810751e-02  1.795988e-17
4.825311e-02  1.799605e-17
4.934195e-02  1.847795e-17
5.060807e-02  1.903064e-17
5.190667e-02  1.959180e-17
5.206377e-02  1.965984e-17
5.323860e-02  2.031339e-17
5.460470e-02  2.108200e-17
5.600586e-02  2.187999e-17
5.617536e-02  2.197720e-17
5.744297e-02  2.279196e-17
5.891696e-02  2.375353e-17
6.042877e-02  2.475624e-17
6.061166e-02  2.487866e-17
6.197938e-02  2.582076e-17
6.356977e-02  2.693430e-17
6.520097e-02  2.809532e-17
6.539831e-02  2.823701e-17
6.687403e-02  2.931028e-17
6.859002e-02  3.058008e-17
7.035004e-02  3.190567e-17
7.056296e-02  3.206751e-17
7.215523e-02  3.320584e-17
7.400673e-02  3.454788e-17
7.590575e-02  3.594459e-17
7.613548e-02  3.611501e-17
7.785349e-02  3.734398e-17
7.985122e-02  3.879017e-17
8.190020e-02  4.029351e-17
8.214808e-02  4.047659e-17
8.400176e-02  4.169442e-17
8.615725e-02  4.312303e-17
8.836805e-02  4.460246e-17
8.863550e-02  4.478229e-17
9.063558e-02  4.600240e-17
9.296129e-02  4.742480e-17
9.534668e-02  4.889647e-17
9.563525e-02  4.907523e-17
9.779328e-02  5.020823e-17
1.003027e-01  5.152681e-17
1.028764e-01  5.288348e-17
1.031878e-01  5.304772e-17
1.055162e-01  5.405523e-17
1.082238e-01  5.522573e-17
1.110008e-01  5.642606e-17
1.113368e-01  5.657151e-17
1.138491e-01  5.739241e-17
1.167705e-01  5.834080e-17
1.197668e-01  5.930882e-17
1.201293e-01  5.942577e-17
1.228400e-01  5.998766e-17
1.259921e-01  6.063831e-17
1.292251e-01  6.130370e-17
1.296162e-01  6.138411e-17
1.325410e-01  6.165132e-17
1.359420e-01  6.196569e-17
1.394303e-01  6.229272e-17
1.398523e-01  6.233084e-17
1.430081e-01  6.224306e-17
1.466776e-01  6.217158e-17
1.504414e-01  6.211650e-17
1.508967e-01  6.211049e-17
1.543017e-01  6.166613e-17
1.582611e-01  6.118863e-17
1.623221e-01  6.072813e-17
1.628134e-01  6.067682e-17
1.664873e-01  5.991633e-17
1.707594e-01  5.908929e-17
1.751411e-01  5.831163e-17
1.756711e-01  5.822095e-17
1.796352e-01  5.713206e-17
1.842446e-01  5.595251e-17
1.889724e-01  5.485716e-17
1.895443e-01  5.472998e-17
1.938214e-01  5.343003e-17
1.987949e-01  5.202694e-17
2.038959e-01  5.074914e-17
2.045130e-01  5.060209e-17
2.091279e-01  4.915682e-17
2.144941e-01  4.764841e-17
2.199981e-01  4.628362e-17
2.206639e-01  4.612860e-17
2.256432e-01  4.468134e-17
2.314332e-01  4.321384e-17
2.373718e-01  4.189656e-17
2.380902e-01  4.175026e-17
2.434628e-01  4.043761e-17
2.497101e-01  3.912984e-17
2.561176e-01  3.801480e-17
2.568928e-01  3.789263e-17
2.626896e-01  3.677180e-17
2.694302e-01  3.572328e-17
2.763438e-01  3.487819e-17
2.771802e-01  3.478808e-17
2.834348e-01  3.402681e-17
2.907078e-01  3.336864e-17
2.981673e-01  3.291954e-17
2.990698e-01  3.287067e-17
3.058183e-01  3.237975e-17
3.136656e-01  3.206743e-17
3.217143e-01  3.204913e-17
3.226880e-01  3.205573e-17
3.299695e-01  3.210312e-17
3.384365e-01  3.236782e-17
3.471208e-01  3.270094e-17
3.481714e-01  3.276263e-17
3.560280e-01  3.318803e-17
3.651636e-01  3.390642e-17
3.745338e-01  3.462756e-17
3.756673e-01  3.473662e-17
3.841443e-01  3.556793e-17
3.940015e-01  3.672237e-17
4.041116e-01  3.796383e-17
4.053346e-01  3.812159e-17
4.144811e-01  3.931279e-17
4.251167e-01  4.080708e-17
4.360252e-01  4.245149e-17
4.373448e-01  4.265609e-17
4.472136e-01  4.420865e-17
4.586891e-01  4.602235e-17
4.704591e-01  4.791200e-17
4.718830e-01  4.814432e-17
4.825311e-01  4.990391e-17
4.949129e-01  5.203331e-17
5.076123e-01  5.420426e-17
5.091486e-01  5.447506e-17
5.206377e-01  5.651459e-17
5.339973e-01  5.884787e-17
5.476997e-01  6.115978e-17
5.493573e-01  6.144824e-17
5.617536e-01  6.361595e-17
5.761683e-01  6.611841e-17
5.909528e-01  6.867512e-17
5.927413e-01  6.897468e-17
6.061166e-01  7.120513e-17
6.216696e-01  7.378317e-17
6.376217e-01  7.649220e-17
6.395515e-01  7.680585e-17
6.539831e-01  7.916200e-17
6.707643e-01  8.194295e-17
6.879761e-01  8.463097e-17
6.900583e-01  8.494687e-17
7.056296e-01  8.731628e-17
7.237361e-01  8.996768e-17
7.423072e-01  9.256399e-17
7.445538e-01  9.288505e-17
7.613548e-01  9.529056e-17
7.808912e-01  9.796484e-17
8.009289e-01  1.004580e-16
8.033530e-01  1.007333e-16
8.214808e-01  1.027896e-16
8.425600e-01  1.051595e-16
8.641801e-01  1.072093e-16
8.667956e-01  1.074715e-16
8.863550e-01  1.094272e-16
9.090989e-01  1.114674e-16
9.324264e-01  1.136210e-16
9.352484e-01  1.138479e-16
9.563525e-01  1.155375e-16
9.808925e-01  1.172338e-16
1.006062e+00  1.188432e-16
1.009107e+00  1.190176e-16
1.031878e+00  1.203134e-16
1.058356e+00  1.215557e-16
1.085513e+00  1.226783e-16
1.088799e+00  1.227960e-16
1.113368e+00  1.236688e-16
1.141937e+00  1.242989e-16
1.171239e+00  1.249509e-16
1.174784e+00  1.250155e-16
1.201293e+00  1.254932e-16
1.232118e+00  1.258046e-16
1.263734e+00  1.260787e-16
1.267559e+00  1.260746e-16
1.296162e+00  1.260443e-16
1.329421e+00  1.259082e-16
1.363534e+00  1.256311e-16
1.367661e+00  1.255722e-16
1.398523e+00  1.251385e-16
1.434409e+00  1.246417e-16
1.471216e+00  1.239011e-16
1.475668e+00  1.238074e-16
1.508967e+00  1.231176e-16
1.547687e+00  1.223023e-16
1.587401e+00  1.213949e-16
1.592205e+00  1.212807e-16
1.628134e+00  1.204410e-16
1.669912e+00  1.194084e-16
1.712762e+00  1.183716e-16
1.717946e+00  1.182442e-16
1.756711e+00  1.173074e-16
1.801789e+00  1.162663e-16
1.848023e+00  1.153122e-16
1.895443e+00  1.143358e-16
1.944080e+00  1.134212e-16
1.993965e+00  1.125379e-16
2.045130e+00  1.117793e-16
2.097608e+00  1.109159e-16
2.151433e+00  1.103307e-16
2.206639e+00  1.098107e-16
2.263261e+00  1.093734e-16
2.321337e+00  1.090471e-16
2.380902e+00  1.087611e-16
2.441996e+00  1.085357e-16
2.504658e+00  1.083513e-16
2.568928e+00  1.081997e-16
2.634847e+00  1.080483e-16
2.702457e+00  1.078556e-16
2.771802e+00  1.075841e-16
2.842926e+00  1.071868e-16
2.915876e+00  1.066156e-16
2.990698e+00  1.058750e-16
3.067439e+00  1.051570e-16
3.146150e+00  1.044555e-16
3.226880e+00  1.037515e-16
3.309682e+00  1.030339e-16
3.394608e+00  1.022853e-16
3.481714e+00  1.015017e-16
3.571055e+00  1.006536e-16
3.662688e+00  9.973926e-17
3.756673e+00  9.874343e-17
3.853069e+00  9.764935e-17
3.951939e+00  9.645505e-17
4.053346e+00  9.514586e-17
4.157355e+00  9.378033e-17
4.264033e+00  9.236862e-17
4.373448e+00  9.094236e-17
4.485671e+00  8.952421e-17
4.600774e+00  8.814139e-17
4.718830e+00  8.683930e-17
4.839915e+00  8.565232e-17
4.964107e+00  8.464776e-17
5.091486e+00  8.388371e-17
5.222134e+00  8.343950e-17
5.356134e+00  8.338562e-17
5.493573e+00  8.379113e-17
5.634538e+00  8.477321e-17
5.779121e+00  8.624779e-17
5.927413e+00  8.763584e-17
6.079511e+00  8.886122e-17
6.235511e+00  8.988976e-17
6.395515e+00  9.069446e-17
6.559624e+00  9.122670e-17
6.727944e+00  9.144905e-17
6.900583e+00  9.130954e-17
7.077652e+00  9.074115e-17
7.259265e+00  8.968578e-17
7.445538e+00  8.807246e-17
7.636591e+00  8.621599e-17
7.832546e+00  8.425933e-17
8.033530e+00  8.221266e-17
8.239670e+00  8.007265e-17
8.451100e+00  7.784460e-17
8.667956e+00  7.553697e-17
8.890376e+00  7.315433e-17
9.118503e+00  7.070035e-17
9.352484e+00  6.818162e-17
9.592470e+00  6.549285e-17
9.838613e+00  6.219216e-17
1.009107e+01  5.869473e-17
1.035001e+01  5.507819e-17
1.061559e+01  5.125351e-17
1.088799e+01  4.729706e-17
1.116737e+01  4.314935e-17
1.145393e+01  3.870232e-17
1.174784e+01  3.408220e-17
1.204929e+01  2.906513e-17
1.235847e+01  2.382419e-17
1.267559e+01  1.806814e-17
1.300085e+01  1.204383e-17
1.333445e+01  5.554704e-18
1.367661e+01  6.591129e-69
1.402755e+01  6.760257e-69
1.438750e+01  6.933726e-69
1.475668e+01  7.111646e-69
1.513534e+01  7.294131e-69
1.552372e+01  7.481298e-69
1.592205e+01  7.673269e-69
1.633061e+01  7.870165e-69
1.674966e+01  8.072114e-69
1.717946e+01  8.279244e-69
1.762028e+01  8.491690e-69
1.807242e+01  8.709587e-69
1.853616e+01  8.933075e-69
