1.000000e-03  2.967813e-19
1.078972e-03  6.923070e-19
1.164181e-03  1.386013e-18
1.256119e-03  1.954788e-18
1.355318e-03  2.390448e-18
1.462351e-03  2.948050e-18
1.577836e-03  3.623754e-18
1.702441e-03  4.450036e-18
1.836887e-03  5.456201e-18
1.981950e-03  6.677623e-18
2.138469e-03  8.144065e-18
2.307349e-03  9.922840e-18
2.489566e-03  1.201929e-17
2.686173e-03  1.457183e-17
2.898306e-03  1.755680e-17
3.127192e-03  2.111423e-17
3.374153e-03  2.527768e-17
3.640618e-03  3.008446e-17
3.928126e-03  3.576596e-17
4.238339e-03  4.212462e-17
4.573051e-03  4.952144e-17
4.934195e-03  5.763879e-17
5.323860e-03  6.675003e-17
5.744297e-03  7.669765e-17
6.197938e-03  8.733179e-17
6.687403e-03  9.866172e-17
7.215523e-03  1.101644e-16
7.785349e-03  1.217775e-16
8.400176e-03  1.329141e-16
9.063558e-03  1.432590e-16
9.779328e-03  1.520206e-16
1.000000e-02  1.540091e-16
1.025660e-02  1.562984e-16
1.051979e-02  1.586219e-16
1.055162e-02  1.589012e-16
1.078972e-02  1.601357e-16
1.106659e-02  1.615490e-16
1.135056e-02  1.629748e-16
1.138491e-02  1.631457e-16
1.164181e-02  1.635469e-16
1.194054e-02  1.640035e-16
1.224694e-02  1.644615e-16
1.228400e-02  1.645162e-16
1.256119e-02  1.639347e-16
1.288351e-02  1.632768e-16
1.321411e-02  1.626217e-16
1.325410e-02  1.625437e-16
1.355318e-02  1.609460e-16
1.390095e-02  1.591510e-16
1.425765e-02  1.573760e-16
1.430081e-02  1.571656e-16
1.462351e-02  1.545613e-16
1.499875e-02  1.516567e-16
1.538361e-02  1.488067e-16
1.543017e-02  1.484703e-16
1.577836e-02  1.450067e-16
1.618323e-02  1.411719e-16
1.659849e-02  1.374385e-16
1.664873e-02  1.369998e-16
1.702441e-02  1.327041e-16
1.746126e-02  1.279897e-16
1.790931e-02  1.234429e-16
1.796352e-02  1.229114e-16
1.836887e-02  1.182431e-16
1.884021e-02  1.131573e-16
1.932365e-02  1.082901e-16
1.938214e-02  1.077237e-16
1.981950e-02  1.027011e-16
2.032807e-02  9.728156e-17
2.084969e-02  9.214802e-17
2.091279e-02  9.155411e-17
2.138469e-02  8.670661e-17
2.193342e-02  8.151303e-17
2.249624e-02  7.663045e-17
2.256432e-02  7.606802e-17
2.307349e-02  7.149555e-17
2.366556e-02  6.663613e-17
2.427282e-02  6.210701e-17
2.434628e-02  6.158779e-17
2.489566e-02  5.751222e-17
2.553448e-02  5.321071e-17
2.618970e-02  4.923087e-17
2.626896e-02  4.877653e-17
2.686173e-02  4.542133e-17
2.755100e-02  4.189071e-17
2.825796e-02  3.863451e-17
2.834348e-02  3.826344e-17
2.898306e-02  3.558419e-17
2.972676e-02  3.276884e-17
3.048955e-02  3.017622e-17
3.058183e-02  2.988100e-17
3.127192e-02  2.798239e-17
3.207436e-02  2.597249e-17
3.289738e-02  2.410698e-17
3.299695e-02  2.389360e-17
3.374153e-02  2.260263e-17
3.460734e-02  2.122118e-17
3.549537e-02  1.992415e-17
3.560280e-02  1.977484e-17
3.640618e-02  1.905806e-17
3.734036e-02  1.827653e-17
3.829852e-02  1.752801e-17
3.841443e-02  1.744083e-17
3.928126e-02  1.714043e-17
4.028922e-02  1.680653e-17
4.132304e-02  1.648042e-17
4.144811e-02  1.644198e-17
4.238339e-02  1.648422e-17
4.347095e-02  1.653383e-17
4.458642e-02  1.658538e-17
4.472136e-02  1.659164e-17
4.573051e-02  1.688765e-17
4.690395e-02  1.723225e-17
4.810751e-02  1.758609e-17
4.825311e-02  1.762897e-17
4.934195e-02  1.813376e-17
5.060807e-02  1.871682e-17
5.190667e-02  1.931176e-17
5.206377e-02  1.938399e-17
5.323860e-02  2.004757e-17
5.460470e-02  2.082865e-17
5.600586e-02  2.164033e-17
5.617536e-02  2.173926e-17
5.744297e-02  2.254327e-17
5.891696e-02  2.349216e-17
6.042877e-02  2.448126e-17
6.061166e-02  2.460202e-17
6.197938e-02  2.552536e-17
6.356977e-02  2.661623e-17
6.520097e-02  2.775341e-17
6.539831e-02  2.789216e-17
6.687403e-02  2.892090e-17
6.859002e-02  3.013616e-17
7.035004e-02  3.140311e-17
7.056296e-02  3.155771e-17
7.215523e-02  3.263881e-17
7.400673e-02  3.391209e-17
7.590575e-02  3.523520e-17
7.613548e-02  3.539646e-17
7.785349e-02  3.654944e-17
7.985122e-02  3.790455e-17
8.190020e-02  3.931045e-17
8.214808e-02  3.948157e-17
8.400176e-02  4.060839e-17
8.615725e-02  4.192767e-17
8.836805e-02  4.329128e-17
8.863550e-02  4.345691e-17
9.063558e-02  4.456705e-17
9.296129e-02  4.585893e-17
9.534668e-02  4.719275e-17
9.563525e-02  4.735460e-17
9.779328e-02  4.835726e-17
1.003027e-01  4.952154e-17
1.028764e-01  5.071602e-17
1.031878e-01  5.086056e-17
1.055162e-01  5.171828e-17
1.082238e-01  5.271216e-17
1.110008e-01  5.372875e-17
1.113368e-01  5.385177e-17
1.138491e-01  5.451865e-17
1.167705e-01  5.528726e-17
1.197668e-01  5.607029e-17
1.201293e-01  5.616465e-17
1.228400e-01  5.656193e-17
1.259921e-01  5.702283e-17
1.292251e-01  5.749398e-17
1.296162e-01  5.755076e-17
1.325410e-01  5.765564e-17
1.359420e-01  5.778355e-17
1.394303e-01  5.791914e-17
1.398523e-01  5.793464e-17
1.430081e-01  5.769360e-17
1.466776e-01  5.744269e-17
1.504414e-01  5.720819e-17
1.508967e-01  5.718051e-17
1.543017e-01  5.661277e-17
1.582611e-01  5.599352e-17
1.623221e-01  5.539395e-17
1.628134e-01  5.532553e-17
1.664873e-01  5.444241e-17
1.707594e-01  5.347762e-17
1.751411e-01  5.255821e-17
1.756711e-01  5.245088e-17
1.796352e-01  5.129833e-17
1.842446e-01  5.004561e-17
1.889724e-01  4.887119e-17
1.895443e-01  4.873504e-17
1.938214e-01  4.737767e-17
1.987949e-01  4.590900e-17
2.038959e-01  4.455525e-17
2.045130e-01  4.439940e-17
2.091279e-01  4.294705e-17
2.144941e-01  4.142026e-17
2.199981e-01  4.002672e-17
2.206639e-01  3.986776e-17
2.256432e-01  3.842433e-17
2.314332e-01  3.694990e-17
2.373718e-01  3.561643e-17
2.380902e-01  3.546702e-17
2.434628e-01  3.414470e-17
2.497101e-01  3.281324e-17
2.561176e-01  3.165424e-17
2.568928e-01  3.152635e-17
2.626896e-01  3.040959e-17
2.694302e-01  2.933598e-17
2.763438e-01  2.845597e-17
2.771802e-01  2.835981e-17
2.834348e-01  2.755098e-17
2.907078e-01  2.681483e-17
2.981673e-01  2.625969e-17
2.990698e-01  2.619899e-17
3.058183e-01  2.565747e-17
3.136656e-01  2.526025e-17
3.217143e-01  2.510123e-17
3.226880e-01  2.509070e-17
3.299695e-01  2.500651e-17
3.384365e-01  2.507205e-17
3.471208e-01  2.521119e-17
3.481714e-01  2.524672e-17
3.560280e-01  2.547950e-17
3.651636e-01  2.593996e-17
3.745338e-01  2.640331e-17
3.756673e-01  2.647628e-17
3.841443e-01  2.703835e-17
3.940015e-01  2.786191e-17
4.041116e-01  2.875854e-17
4.053346e-01  2.887361e-17
4.144811e-01  2.974151e-17
4.251167e-01  3.084143e-17
4.360252e-01  3.205752e-17
4.373448e-01  3.220879e-17
4.472136e-01  3.335816e-17
4.586891e-01  3.472018e-17
4.704591e-01  3.613744e-17
4.718830e-01  3.631247e-17
4.825311e-01  3.763752e-17
4.949129e-01  3.922809e-17
5.076123e-01  4.087476e-17
5.091486e-01  4.108072e-17
5.206377e-01  4.263336e-17
5.339973e-01  4.440055e-17
5.476997e-01  4.615088e-17
5.493573e-01  4.636901e-17
5.617536e-01  4.800838e-17
5.761683e-01  4.991438e-17
5.909528e-01  5.185374e-17
5.927413e-01  5.208169e-17
6.061166e-01  5.377802e-17
6.216696e-01  5.573590e-17
6.376217e-01  5.779436e-17
6.395515e-01  5.803262e-17
6.539831e-01  5.982262e-17
6.707643e-01  6.195220e-17
6.879761e-01  6.402080e-17
6.900583e-01  6.426368e-17
7.056296e-01  6.608589e-17
7.237361e-01  6.808902e-17
7.423072e-01  7.008025e-17
7.445538e-01  7.032586e-17
7.613548e-01  7.216635e-17
7.808912e-01  7.422091e-17
8.009289e-01  7.617789e-17
8.033530e-01  7.638755e-17
8.214808e-01  7.795358e-17
8.425600e-01  7.978442e-17
8.641801e-01  8.133167e-17
8.667956e-01  8.153351e-17
8.863550e-01  8.303950e-17
9.090989e-01  8.465031e-17
9.324264e-01  8.631943e-17
9.352484e-01  8.649450e-17
9.563525e-01  8.779828e-17
9.808925e-01  8.912870e-17
1.006062e+00  9.037066e-17
1.009107e+00  9.050581e-17
1.031878e+00  9.151001e-17
1.058356e+00  9.248326e-17
1.085513e+00  9.337814e-17
1.088799e+00  9.347013e-17
1.113368e+00  9.415205e-17
1.141937e+00  9.464962e-17
1.171239e+00  9.516320e-17
1.174784e+00  9.521590e-17
1.201293e+00  9.560596e-17
1.232118e+00  9.586732e-17
1.263734e+00  9.608949e-17
1.267559e+00  9.608869e-17
1.296162e+00  9.608277e-17
1.329421e+00  9.599427e-17
1.363534e+00  9.579276e-17
1.367661e+00  9.575004e-17
1.398523e+00  9.543523e-17
1.434409e+00  9.506129e-17
1.471216e+00  9.449371e-17
1.475668e+00  9.442252e-17
1.508967e+00  9.389843e-17
1.547687e+00  9.327692e-17
1.587401e+00  9.257307e-17
1.592205e+00  9.248507e-17
1.628134e+00  9.183782e-17
1.669912e+00  9.105407e-17
1.712762e+00  9.025956e-17
1.717946e+00  9.016116e-17
1.756711e+00  8.943796e-17
1.801789e+00  8.862630e-17
1.848023e+00  8.788988e-17
1.895443e+00  8.713232e-17
1.944080e+00  8.642019e-17
1.993965e+00  8.574301e-17
2.045130e+00  8.514378e-17
2.097608e+00  8.446980e-17
2.151433e+00  8.402540e-17
2.206639e+00  8.364321e-17
2.263261e+00  8.333117e-17
2.321337e+00  8.311461e-17
2.380902e+00  8.293207e-17
2.441996e+00  8.280220e-17
2.504658e+00  8.270728e-17
2.568928e+00  8.264296e-17
2.634847e+00  8.258431e-17
2.702457e+00  8.249347e-17
2.771802e+00  8.234595e-17
2.842926e+00  8.210052e-17
2.915876e+00  8.171816e-17
2.990698e+00  8.120390e-17
3.067439e+00  8.070637e-17
3.146150e+00  8.022983e-17
3.226880e+00  7.975310e-17
3.309682e+00  7.927038e-17
3.394608e+00  7.876607e-17
3.481714e+00  7.823547e-17
3.571055e+00  7.765862e-17
3.662688e+00  7.703274e-17
3.756673e+00  7.634316e-17
3.853069e+00  7.558349e-17
3.951939e+00  7.474306e-17
4.053346e+00  7.381606e-17
4.157355e+00  7.279185e-17
4.264033e+00  7.169873e-17
4.373448e+00  7.057422e-17
4.485671e+00  6.944486e-17
4.600774e+00  6.833923e-17
4.718830e+00  6.728836e-17
4.839915e+00  6.633078e-17
4.964107e+00  6.550992e-17
5.091486e+00  6.487858e-17
5.222134e+00  6.450322e-17
5.356134e+00  6.445719e-17
5.493573e+00  6.482267e-17
5.634538e+00  6.566438e-17
5.779121e+00  6.692184e-17
5.927413e+00  6.811438e-17
6.079511e+00  6.918264e-17
6.235511e+00  7.010041e-17
6.395515e+00  7.083569e-17
6.559624e+00  7.135991e-17
6.727944e+00  7.163396e-17
6.900583e+00  7.161892e-17
7.077652e+00  7.126205e-17
7.259265e+00  7.050732e-17
7.445538e+00  6.929973e-17
7.636591e+00  6.789149e-17
7.832546e+00  6.640276e-17
8.033530e+00  6.484024e-17
8.239670e+00  6.320126e-17
8.451100e+00  6.149045e-17
8.667956e+00  5.971351e-17
8.890376e+00  5.787522e-17
9.118503e+00  5.597705e-17
9.352484e+00  5.402499e-17
9.592470e+00  5.202430e-17
9.838613e+00  4.998054e-17
1.009107e+01  4.744546e-17
1.035001e+01  4.454076e-17
1.061559e+01  4.152796e-17
1.088799e+01  3.833741e-17
1.116737e+01  3.497908e-17
1.145393e+01  3.143061e-17
1.174784e+01  2.766796e-17
1.204929e+01  2.365578e-17
1.235847e+01  1.946329e-17
1.267559e+01  1.485104e-17
1.300085e+01  9.868834e-18
1.333445e+01  4.466568e-18
1.367661e+01  5.710729e-69
1.402755e+01  5.857266e-69
1.438750e+01  6.007564e-69
1.475668e+01  6.161718e-69
1.513534e+01  6.319828e-69
1.552372e+01  6.481995e-69
1.592205e+01  6.648323e-69
1.633061e+01  6.818919e-69
1.674966e+01  6.993893e-69
1.717946e+01  7.173357e-69
1.762028e+01  7.357425e-69
1.807242e+01  7.546217e-69
1.853616e+01  7.739853e-69
