1.000000e-03  1.931186e-19
1.078972e-03  4.992119e-19
1.164181e-03  1.048455e-18
1.256119e-03  1.496820e-18
1.355318e-03  1.831219e-18
1.462351e-03  2.256706e-18
1.577836e-03  2.776010e-18
1.702441e-03  3.412802e-18
1.836887e-03  4.179842e-18
1.981950e-03  5.118748e-18
2.138469e-03  6.243610e-18
2.307349e-03  7.611771e-18
2.489566e-03  9.234403e-18
2.686173e-03  1.118391e-17
2.898306e-03  1.349421e-17
3.127192e-03  1.623065e-17
3.374153e-03  1.944322e-17
3.640618e-03  2.317787e-17
3.928126e-03  2.753665e-17
4.238339e-03  3.248617e-17
4.573051e-03  3.819817e-17
4.934195e-03  4.451910e-17
5.323860e-03  5.161839e-17
5.744297e-03  5.935080e-17
6.197938e-03  6.769141e-17
6.687403e-03  7.652133e-17
7.215523e-03  8.560756e-17
7.785349e-03  9.476225e-17
8.400176e-03  1.035633e-16
9.063558e-03  1.118490e-16
9.779328e-03  1.188468e-16
1.000000e-02  1.204763e-16
1.025660e-02  1.223535e-16
1.051979e-02  1.242601e-16
1.055162e-02  1.244894e-16
1.078972e-02  1.255285e-16
1.106659e-02  1.267189e-16
1.135056e-02  1.279205e-16
1.138491e-02  1.280646e-16
1.164181e-02  1.284500e-16
1.194054e-02  1.288890e-16
1.224694e-02  1.293295e-16
1.228400e-02  1.293821e-16
1.256119e-02  1.290025e-16
1.288351e-02  1.285728e-16
1.321411e-02  1.281445e-16
1.325410e-02  1.280935e-16
1.355318e-02  1.269154e-16
1.390095e-02  1.255910e-16
1.425765e-02  1.242803e-16
1.430081e-02  1.241249e-16
1.462351e-02  1.221483e-16
1.499875e-02  1.199421e-16
1.538361e-02  1.177758e-16
1.543017e-02  1.175200e-16
1.577836e-02  1.148210e-16
1.618323e-02  1.118315e-16
1.659849e-02  1.089199e-16
1.664873e-02  1.085777e-16
1.702441e-02  1.052682e-16
1.746126e-02  1.016325e-16
1.790931e-02  9.812248e-17
1.796352e-02  9.771194e-17
1.836887e-02  9.402751e-17
1.884021e-02  9.001230e-17
1.932365e-02  8.616850e-17
1.938214e-02  8.572108e-17
1.981950e-02  8.179246e-17
2.032807e-02  7.754959e-17
2.084969e-02  7.352682e-17
2.091279e-02  7.306117e-17
2.138469e-02  6.920679e-17
2.193342e-02  6.507634e-17
2.249624e-02  6.119234e-17
2.256432e-02  6.074488e-17
2.307349e-02  5.708399e-17
2.366556e-02  5.319405e-17
2.427282e-02  4.956920e-17
2.434628e-02  4.915369e-17
2.489566e-02  4.593211e-17
2.553448e-02  4.252948e-17
2.618970e-02  3.937887e-17
2.626896e-02  3.901904e-17
2.686173e-02  3.631618e-17
2.755100e-02  3.347357e-17
2.825796e-02  3.085345e-17
2.834348e-02  3.055497e-17
2.898306e-02  2.840915e-17
2.972676e-02  2.615487e-17
3.048955e-02  2.407944e-17
3.058183e-02  2.384315e-17
3.127192e-02  2.230462e-17
3.207436e-02  2.067774e-17
3.289738e-02  1.916954e-17
3.299695e-02  1.899715e-17
3.374153e-02  1.794188e-17
3.460734e-02  1.681457e-17
3.549537e-02  1.575809e-17
3.560280e-02  1.563659e-17
3.640618e-02  1.504767e-17
3.734036e-02  1.440584e-17
3.829852e-02  1.379185e-17
3.841443e-02  1.372043e-17
3.928126e-02  1.345992e-17
4.028922e-02  1.317094e-17
4.132304e-02  1.288915e-17
4.144811e-02  1.285598e-17
4.238339e-02  1.287207e-17
4.347095e-02  1.289159e-17
4.458642e-02  1.291259e-17
4.472136e-02  1.291516e-17
4.573051e-02  1.313299e-17
4.690395e-02  1.338663e-17
4.810751e-02  1.364735e-17
4.825311e-02  1.367890e-17
4.934195e-02  1.406518e-17
5.060807e-02  1.451053e-17
5.190667e-02  1.496460e-17
5.206377e-02  1.501971e-17
5.323860e-02  1.552858e-17
5.460470e-02  1.612736e-17
5.600586e-02  1.674940e-17
5.617536e-02  1.682519e-17
5.744297e-02  1.744872e-17
5.891696e-02  1.818465e-17
6.042877e-02  1.895187e-17
6.061166e-02  1.904555e-17
6.197938e-02  1.976138e-17
6.356977e-02  2.060705e-17
6.520097e-02  2.148872e-17
6.539831e-02  2.159630e-17
6.687403e-02  2.239917e-17
6.859002e-02  2.334803e-17
7.035004e-02  2.433734e-17
7.056296e-02  2.445805e-17
7.215523e-02  2.530821e-17
7.400673e-02  2.631019e-17
7.590575e-02  2.735228e-17
7.613548e-02  2.747933e-17
7.785349e-02  2.838042e-17
7.985122e-02  2.943934e-17
8.190020e-02  3.053842e-17
8.214808e-02  3.067219e-17
8.400176e-02  3.156411e-17
8.615725e-02  3.260899e-17
8.836805e-02  3.368983e-17
8.863550e-02  3.382115e-17
9.063558e-02  3.469607e-17
9.296129e-02  3.571395e-17
9.534668e-02  3.676540e-17
9.563525e-02  3.689304e-17
9.779328e-02  3.769576e-17
1.003027e-01  3.862834e-17
1.028764e-01  3.958548e-17
1.031878e-01  3.970128e-17
1.055162e-01  4.039219e-17
1.082238e-01  4.119315e-17
1.110008e-01  4.201302e-17
1.113368e-01  4.211228e-17
1.138491e-01  4.265286e-17
1.167705e-01  4.327564e-17
1.197668e-01  4.391031e-17
1.201293e-01  4.398680e-17
1.228400e-01  4.432291e-17
1.259921e-01  4.471203e-17
1.292251e-01  4.510961e-17
1.296162e-01  4.515755e-17
1.325410e-01  4.526363e-17
1.359420e-01  4.539136e-17
1.394303e-01  4.552351e-17
1.398523e-01  4.553878e-17
1.430081e-01  4.537207e-17
1.466776e-01  4.519939e-17
1.504414e-01  4.503843e-17
1.508967e-01  4.501954e-17
1.543017e-01  4.459244e-17
1.582611e-01  4.412593e-17
1.623221e-01  4.367367e-17
1.628134e-01  4.362211e-17
1.664873e-01  4.294852e-17
1.707594e-01  4.221260e-17
1.751411e-01  4.151075e-17
1.756711e-01  4.142875e-17
1.796352e-01  4.052696e-17
1.842446e-01  3.954262e-17
1.889724e-01  3.861906e-17
1.895443e-01  3.851203e-17
1.938214e-01  3.745391e-17
1.987949e-01  3.630528e-17
2.038959e-01  3.524536e-17
2.045130e-01  3.512328e-17
2.091279e-01  3.396963e-17
2.144941e-01  3.275448e-17
2.199981e-01  3.164009e-17
2.206639e-01  3.151291e-17
2.256432e-01  3.035230e-17
2.314332e-01  2.916300e-17
2.373718e-01  2.808444e-17
2.380902e-01  2.796397e-17
2.434628e-01  2.691508e-17
2.497101e-01  2.585284e-17
2.561176e-01  2.492046e-17
2.568928e-01  2.481714e-17
2.626896e-01  2.390186e-17
2.694302e-01  2.301872e-17
2.763438e-01  2.228927e-17
2.771802e-01  2.220916e-17
2.834348e-01  2.154178e-17
2.907078e-01  2.092403e-17
2.981673e-01  2.045703e-17
2.990698e-01  2.040387e-17
3.058183e-01  1.992985e-17
3.136656e-01  1.957494e-17
3.217143e-01  1.941053e-17
3.226880e-01  1.939754e-17
3.299695e-01  1.929179e-17
3.384365e-01  1.929610e-17
3.471208e-01  1.935796e-17
3.481714e-01  1.938034e-17
3.560280e-01  1.952772e-17
3.651636e-01  1.985474e-17
3.745338e-01  2.017422e-17
3.756673e-01  2.022702e-17
3.841443e-01  2.062925e-17
3.940015e-01  2.124119e-17
4.041116e-01  2.189658e-17
4.053346e-01  2.198106e-17
4.144811e-01  2.261966e-17
4.251167e-01  2.345407e-17
4.360252e-01  2.436867e-17
4.373448e-01  2.448300e-17
4.472136e-01  2.535204e-17
4.586891e-01  2.638007e-17
4.704591e-01  2.744817e-17
4.718830e-01  2.758103e-17
4.825311e-01  2.858619e-17
4.949129e-01  2.979777e-17
5.076123e-01  3.104723e-17
5.091486e-01  3.120381e-17
5.206377e-01  3.238478e-17
5.339973e-01  3.374147e-17
5.476997e-01  3.507633e-17
5.493573e-01  3.524318e-17
5.617536e-01  3.649690e-17
5.761683e-01  3.794759e-17
5.909528e-01  3.943916e-17
5.927413e-01  3.961410e-17
6.061166e-01  4.091518e-17
6.216696e-01  4.241024e-17
6.376217e-01  4.399147e-17
6.395515e-01  4.417395e-17
6.539831e-01  4.554499e-17
6.707643e-01  4.718029e-17
6.879761e-01  4.875626e-17
6.900583e-01  4.894564e-17
7.056296e-01  5.036695e-17
7.237361e-01  5.192405e-17
7.423072e-01  5.344911e-17
7.445538e-01  5.363818e-17
7.613548e-01  5.505517e-17
7.808912e-01  5.663717e-17
8.009289e-01  5.815902e-17
8.033530e-01  5.832147e-17
8.214808e-01  5.953511e-17
8.425600e-01  6.096063e-17
8.641801e-01  6.216151e-17
8.667956e-01  6.231703e-17
8.863550e-01  6.347750e-17
9.090989e-01  6.470847e-17
9.324264e-01  6.603091e-17
9.352484e-01  6.617014e-17
9.563525e-01  6.720733e-17
9.808925e-01  6.821938e-17
1.006062e+00  6.920597e-17
1.009107e+00  6.931198e-17
1.031878e+00  7.009976e-17
1.058356e+00  7.084928e-17
1.085513e+00  7.157225e-17
1.088799e+00  7.164340e-17
1.113368e+00  7.217084e-17
1.141937e+00  7.257863e-17
1.171239e+00  7.300021e-17
1.174784e+00  7.304192e-17
1.201293e+00  7.335060e-17
1.232118e+00  7.356616e-17
1.263734e+00  7.376361e-17
1.267559e+00  7.376401e-17
1.296162e+00  7.376696e-17
1.329421e+00  7.370799e-17
1.363534e+00  7.356831e-17
1.367661e+00  7.353575e-17
1.398523e+00  7.329581e-17
1.434409e+00  7.302228e-17
1.471216e+00  7.258975e-17
1.475668e+00  7.253477e-17
1.508967e+00  7.213003e-17
1.547687e+00  7.165250e-17
1.587401e+00  7.111584e-17
1.592205e+00  7.104689e-17
1.628134e+00  7.053981e-17
1.669912e+00  6.992973e-17
1.712762e+00  6.931610e-17
1.717946e+00  6.924017e-17
1.756711e+00  6.868210e-17
1.801789e+00  6.805800e-17
1.848023e+00  6.747863e-17
1.895443e+00  6.688767e-17
1.944080e+00  6.633589e-17
1.993965e+00  6.579850e-17
2.045130e+00  6.532896e-17
2.097608e+00  6.479769e-17
2.151433e+00  6.444772e-17
2.206639e+00  6.415234e-17
2.263261e+00  6.392442e-17
2.321337e+00  6.377974e-17
2.380902e+00  6.366670e-17
2.441996e+00  6.359912e-17
2.504658e+00  6.356264e-17
2.568928e+00  6.355463e-17
2.634847e+00  6.355237e-17
2.702457e+00  6.352727e-17
2.771802e+00  6.345864e-17
2.842926e+00  6.331526e-17
2.915876e+00  6.306172e-17
2.990698e+00  6.270142e-17
3.067439e+00  6.235928e-17
3.146150e+00  6.203675e-17
3.226880e+00  6.171443e-17
3.309682e+00  6.139126e-17
3.394608e+00  6.105608e-17
3.481714e+00  6.069893e-17
3.571055e+00  6.031064e-17
3.662688e+00  5.988475e-17
3.756673e+00  5.941155e-17
3.853069e+00  5.888224e-17
3.951939e+00  5.829513e-17
4.053346e+00  5.763873e-17
4.157355e+00  5.690728e-17
4.264033e+00  5.609598e-17
4.373448e+00  5.521419e-17
4.485671e+00  5.430945e-17
4.600774e+00  5.341130e-17
4.718830e+00  5.255339e-17
4.839915e+00  5.176330e-17
4.964107e+00  5.107758e-17
5.091486e+00  5.054873e-17
5.222134e+00  5.022452e-17
5.356134e+00  5.016702e-17
5.493573e+00  5.045102e-17
5.634538e+00  5.116264e-17
5.779121e+00  5.223877e-17
5.927413e+00  5.327008e-17
6.079511e+00  5.420658e-17
6.235511e+00  5.502524e-17
6.395515e+00  5.570031e-17
6.559624e+00  5.620467e-17
6.727944e+00  5.650943e-17
6.900583e+00  5.657901e-17
7.077652e+00  5.636862e-17
7.259265e+00  5.583475e-17
7.445538e+00  5.492894e-17
7.636591e+00  5.385599e-17
7.832546e+00  5.271745e-17
8.033530e+00  5.151901e-17
8.239670e+00  5.025693e-17
8.451100e+00  4.893622e-17
8.667956e+00  4.756055e-17
8.890376e+00  4.613413e-17
9.118503e+00  4.465749e-17
9.352484e+00  4.313594e-17
9.592470e+00  4.157312e-17
9.838613e+00  3.997362e-17
1.009107e+01  3.834070e-17
1.035001e+01  3.647209e-17
1.061559e+01  3.403829e-17
1.088799e+01  3.144572e-17
1.116737e+01  2.870938e-17
1.145393e+01  2.581435e-17
1.174784e+01  2.278899e-17
1.204929e+01  1.951467e-17
1.235847e+01  1.599435e-17
1.267559e+01  1.228645e-17
1.300085e+01  8.181529e-18
1.333445e+01  3.705102e-18
1.367661e+01  4.948619e-69
1.402755e+01  5.075601e-69
1.438750e+01  5.205841e-69
1.475668e+01  5.339423e-69
1.513534e+01  5.476433e-69
1.552372e+01  5.616959e-69
1.592205e+01  5.761090e-69
1.633061e+01  5.908920e-69
1.674966e+01  6.060543e-69
1.717946e+01  6.216056e-69
1.762028e+01  6.375561e-69
1.807242e+01  6.539158e-69
1.853616e+01  6.706953e-69
