1.000000e-03  2.145662e-19
1.078972e-03  5.371260e-19
1.164181e-03  1.122467e-18
1.256119e-03  1.588659e-18
1.355318e-03  1.944221e-18
1.462351e-03  2.395203e-18
1.577836e-03  2.947048e-18
1.702441e-03  3.622788e-18
1.836887e-03  4.436866e-18
1.981950e-03  5.436474e-18
2.138469e-03  6.625049e-18
2.307349e-03  8.084289e-18
2.489566e-03  9.795507e-18
2.686173e-03  1.186878e-17
2.898306e-03  1.431571e-17
3.127192e-03  1.721001e-17
3.374153e-03  2.062520e-17
3.640618e-03  2.457063e-17
3.928126e-03  2.920996e-17
4.238339e-03  3.443744e-17
4.573051e-03  4.050648e-17
4.934195e-03  4.716570e-17
5.323860e-03  5.468856e-17
5.744297e-03  6.284832e-17
6.197938e-03  7.168616e-17
6.687403e-03  8.100043e-17
7.215523e-03  9.057117e-17
7.785349e-03  1.002751e-16
8.400176e-03  1.095157e-16
9.063558e-03  1.182545e-16
9.779328e-03  1.255962e-16
1.000000e-02  1.273004e-16
1.025660e-02  1.292634e-16
1.051979e-02  1.312568e-16
1.055162e-02  1.314965e-16
1.078972e-02  1.325763e-16
1.106659e-02  1.338132e-16
1.135056e-02  1.350615e-16
1.138491e-02  1.352112e-16
1.164181e-02  1.356007e-16
1.194054e-02  1.360443e-16
1.224694e-02  1.364893e-16
1.228400e-02  1.365425e-16
1.256119e-02  1.361236e-16
1.288351e-02  1.356495e-16
1.321411e-02  1.351770e-16
1.325410e-02  1.351208e-16
1.355318e-02  1.338632e-16
1.390095e-02  1.324494e-16
1.425765e-02  1.310506e-16
1.430081e-02  1.308847e-16
1.462351e-02  1.287699e-16
1.499875e-02  1.264101e-16
1.538361e-02  1.240937e-16
1.543017e-02  1.238202e-16
1.577836e-02  1.209784e-16
1.618323e-02  1.178309e-16
1.659849e-02  1.147652e-16
1.664873e-02  1.144049e-16
1.702441e-02  1.108774e-16
1.746126e-02  1.070037e-16
1.790931e-02  1.032655e-16
1.796352e-02  1.028284e-16
1.836887e-02  9.895770e-17
1.884021e-02  9.473918e-17
1.932365e-02  9.070045e-17
1.938214e-02  9.023032e-17
1.981950e-02  8.606549e-17
2.032807e-02  8.156917e-17
2.084969e-02  7.730774e-17
2.091279e-02  7.681458e-17
2.138469e-02  7.276545e-17
2.193342e-02  6.842610e-17
2.249624e-02  6.434545e-17
2.256432e-02  6.387532e-17
2.307349e-02  6.003108e-17
2.366556e-02  5.594593e-17
2.427282e-02  5.213879e-17
2.434628e-02  5.170236e-17
2.489566e-02  4.830846e-17
2.553448e-02  4.472423e-17
2.618970e-02  4.140589e-17
2.626896e-02  4.102693e-17
2.686173e-02  3.818510e-17
2.755100e-02  3.519632e-17
2.825796e-02  3.244147e-17
2.834348e-02  3.212764e-17
2.898306e-02  2.987447e-17
2.972676e-02  2.750714e-17
3.048955e-02  2.532739e-17
3.058183e-02  2.507920e-17
3.127192e-02  2.346284e-17
3.207436e-02  2.175352e-17
3.289738e-02  2.016874e-17
3.299695e-02  1.998758e-17
3.374153e-02  1.888463e-17
3.460734e-02  1.770590e-17
3.549537e-02  1.660075e-17
3.560280e-02  1.647362e-17
3.640618e-02  1.586031e-17
3.734036e-02  1.519158e-17
3.829852e-02  1.455187e-17
3.841443e-02  1.447742e-17
3.928126e-02  1.420868e-17
4.028922e-02  1.391037e-17
4.132304e-02  1.361938e-17
4.144811e-02  1.358512e-17
4.238339e-02  1.360597e-17
4.347095e-02  1.363095e-17
4.458642e-02  1.365750e-17
4.472136e-02  1.366075e-17
4.573051e-02  1.389447e-17
4.690395e-02  1.416614e-17
4.810751e-02  1.444565e-17
4.825311e-02  1.447948e-17
4.934195e-02  1.488982e-17
5.060807e-02  1.536325e-17
5.190667e-02  1.584593e-17
5.206377e-02  1.590452e-17
5.323860e-02  1.644262e-17
5.460470e-02  1.707575e-17
5.600586e-02  1.773341e-17
5.617536e-02  1.781354e-17
5.744297e-02  1.847620e-17
5.891696e-02  1.925846e-17
6.042877e-02  2.007413e-17
6.061166e-02  2.017372e-17
6.197938e-02  2.092915e-17
6.356977e-02  2.182165e-17
6.520097e-02  2.275197e-17
6.539831e-02  2.286546e-17
6.687403e-02  2.371772e-17
6.859002e-02  2.472496e-17
7.035004e-02  2.577532e-17
7.056296e-02  2.590350e-17
7.215523e-02  2.679988e-17
7.400673e-02  2.785606e-17
7.590575e-02  2.895427e-17
7.613548e-02  2.908816e-17
7.785349e-02  3.004168e-17
7.985122e-02  3.116229e-17
8.190020e-02  3.232528e-17
8.214808e-02  3.246684e-17
8.400176e-02  3.340428e-17
8.615725e-02  3.450242e-17
8.836805e-02  3.563776e-17
8.863550e-02  3.577568e-17
9.063558e-02  3.669796e-17
9.296129e-02  3.777129e-17
9.534668e-02  3.887973e-17
9.563525e-02  3.901427e-17
9.779328e-02  3.985805e-17
1.003027e-01  4.083815e-17
1.028764e-01  4.184409e-17
1.031878e-01  4.196577e-17
1.055162e-01  4.269346e-17
1.082238e-01  4.353715e-17
1.110008e-01  4.440079e-17
1.113368e-01  4.450532e-17
1.138491e-01  4.507048e-17
1.167705e-01  4.572147e-17
1.197668e-01  4.638515e-17
1.201293e-01  4.646514e-17
1.228400e-01  4.681468e-17
1.259921e-01  4.721926e-17
1.292251e-01  4.763312e-17
1.296162e-01  4.768297e-17
1.325410e-01  4.778826e-17
1.359420e-01  4.791534e-17
1.394303e-01  4.804795e-17
1.398523e-01  4.806315e-17
1.430081e-01  4.788268e-17
1.466776e-01  4.769646e-17
1.504414e-01  4.752281e-17
1.508967e-01  4.750240e-17
1.543017e-01  4.704267e-17
1.582611e-01  4.654034e-17
1.623221e-01  4.605286e-17
1.628134e-01  4.599740e-17
1.664873e-01  4.528614e-17
1.707594e-01  4.450838e-17
1.751411e-01  4.376672e-17
1.756711e-01  4.367995e-17
1.796352e-01  4.272538e-17
1.842446e-01  4.168577e-17
1.889724e-01  4.070985e-17
1.895443e-01  4.059680e-17
1.938214e-01  3.947925e-17
1.987949e-01  3.826767e-17
2.038959e-01  3.714974e-17
2.045130e-01  3.702087e-17
2.091279e-01  3.580660e-17
2.144941e-01  3.452818e-17
2.199981e-01  3.335828e-17
2.206639e-01  3.322468e-17
2.256432e-01  3.200219e-17
2.314332e-01  3.074920e-17
2.373718e-01  2.961600e-17
2.380902e-01  2.948936e-17
2.434628e-01  2.838736e-17
2.497101e-01  2.727013e-17
2.561176e-01  2.629235e-17
2.568928e-01  2.618423e-17
2.626896e-01  2.522391e-17
2.694302e-01  2.429872e-17
2.763438e-01  2.353287e-17
2.771802e-01  2.344908e-17
2.834348e-01  2.275785e-17
2.907078e-01  2.212278e-17
2.981673e-01  2.163572e-17
2.990698e-01  2.158185e-17
3.058183e-01  2.109229e-17
3.136656e-01  2.072467e-17
3.217143e-01  2.055040e-17
3.226880e-01  2.053799e-17
3.299695e-01  2.044284e-17
3.384365e-01  2.046321e-17
3.471208e-01  2.054024e-17
3.481714e-01  2.056585e-17
3.560280e-01  2.073334e-17
3.651636e-01  2.108139e-17
3.745338e-01  2.143228e-17
3.756673e-01  2.148972e-17
3.841443e-01  2.192783e-17
3.940015e-01  2.257784e-17
4.041116e-01  2.327993e-17
4.053346e-01  2.337101e-17
4.144811e-01  2.406083e-17
4.251167e-01  2.494913e-17
4.360252e-01  2.592487e-17
4.373448e-01  2.604680e-17
4.472136e-01  2.697246e-17
4.586891e-01  2.805787e-17
4.704591e-01  2.920364e-17
4.718830e-01  2.934499e-17
4.825311e-01  3.041463e-17
4.949129e-01  3.170017e-17
5.076123e-01  3.302514e-17
5.091486e-01  3.319269e-17
5.206377e-01  3.445652e-17
5.339973e-01  3.588992e-17
5.476997e-01  3.730835e-17
5.493573e-01  3.748522e-17
5.617536e-01  3.881412e-17
5.761683e-01  4.036137e-17
5.909528e-01  4.194367e-17
5.927413e-01  4.212981e-17
6.061166e-01  4.351463e-17
6.216696e-01  4.510228e-17
6.376217e-01  4.678070e-17
6.395515e-01  4.697438e-17
6.539831e-01  4.842958e-17
6.707643e-01  5.017145e-17
6.879761e-01  5.184761e-17
6.900583e-01  5.204811e-17
7.056296e-01  5.355282e-17
7.237361e-01  5.519459e-17
7.423072e-01  5.681462e-17
7.445538e-01  5.701524e-17
7.613548e-01  5.851873e-17
7.808912e-01  6.020278e-17
8.009289e-01  6.179987e-17
8.033530e-01  6.197267e-17
8.214808e-01  6.326369e-17
8.425600e-01  6.477549e-17
8.641801e-01  6.603343e-17
8.667956e-01  6.619843e-17
8.863550e-01  6.742958e-17
9.090989e-01  6.874093e-17
9.324264e-01  7.013928e-17
9.352484e-01  7.028491e-17
9.563525e-01  7.136963e-17
9.808925e-01  7.245501e-17
1.006062e+00  7.349132e-17
1.009107e+00  7.360345e-17
1.031878e+00  7.443670e-17
1.058356e+00  7.523897e-17
1.085513e+00  7.598240e-17
1.088799e+00  7.605970e-17
1.113368e+00  7.663278e-17
1.141937e+00  7.705707e-17
1.171239e+00  7.749810e-17
1.174784e+00  7.754148e-17
1.201293e+00  7.786252e-17
1.232118e+00  7.808794e-17
1.263734e+00  7.829073e-17
1.267559e+00  7.829057e-17
1.296162e+00  7.828940e-17
1.329421e+00  7.822324e-17
1.363534e+00  7.807400e-17
1.367661e+00  7.803956e-17
1.398523e+00  7.778572e-17
1.434409e+00  7.749188e-17
1.471216e+00  7.703026e-17
1.475668e+00  7.697191e-17
1.508967e+00  7.654236e-17
1.547687e+00  7.603623e-17
1.587401e+00  7.546475e-17
1.592205e+00  7.539199e-17
1.628134e+00  7.485687e-17
1.669912e+00  7.421175e-17
1.712762e+00  7.356192e-17
1.717946e+00  7.348152e-17
1.756711e+00  7.289059e-17
1.801789e+00  7.222609e-17
1.848023e+00  7.161518e-17
1.895443e+00  7.098951e-17
1.944080e+00  7.040257e-17
1.993965e+00  6.984033e-17
2.045130e+00  6.934463e-17
2.097608e+00  6.878237e-17
2.151433e+00  6.841329e-17
2.206639e+00  6.810260e-17
2.263261e+00  6.785734e-17
2.321337e+00  6.769945e-17
2.380902e+00  6.757320e-17
2.441996e+00  6.749294e-17
2.504658e+00  6.744536e-17
2.568928e+00  6.742525e-17
2.634847e+00  6.741301e-17
2.702457e+00  6.737545e-17
2.771802e+00  6.729179e-17
2.842926e+00  6.712769e-17
2.915876e+00  6.685053e-17
2.990698e+00  6.646182e-17
3.067439e+00  6.608823e-17
3.146150e+00  6.573719e-17
3.226880e+00  6.538357e-17
3.309682e+00  6.502654e-17
3.394608e+00  6.465639e-17
3.481714e+00  6.426694e-17
3.571055e+00  6.384081e-17
3.662688e+00  6.337291e-17
3.756673e+00  6.285587e-17
3.853069e+00  6.228396e-17
3.951939e+00  6.164465e-17
4.053346e+00  6.093313e-17
4.157355e+00  6.014363e-17
4.264033e+00  5.927169e-17
4.373448e+00  5.833581e-17
4.485671e+00  5.738487e-17
4.600774e+00  5.644722e-17
4.718830e+00  5.554923e-17
4.839915e+00  5.472474e-17
4.964107e+00  5.401410e-17
5.091486e+00  5.346518e-17
5.222134e+00  5.312773e-17
5.356134e+00  5.307152e-17
5.493573e+00  5.337301e-17
5.634538e+00  5.411810e-17
5.779121e+00  5.523131e-17
5.927413e+00  5.629650e-17
6.079511e+00  5.725962e-17
6.235511e+00  5.809959e-17
6.395515e+00  5.878720e-17
6.559624e+00  5.929583e-17
6.727944e+00  5.959559e-17
6.900583e+00  5.964770e-17
7.077652e+00  5.940871e-17
7.259265e+00  5.882963e-17
7.445538e+00  5.786295e-17
7.636591e+00  5.672194e-17
7.832546e+00  5.551271e-17
8.033530e+00  5.423974e-17
8.239670e+00  5.290090e-17
8.451100e+00  5.150077e-17
8.667956e+00  5.004231e-17
8.890376e+00  4.853174e-17
9.118503e+00  4.696910e-17
9.352484e+00  4.535964e-17
9.592470e+00  4.370752e-17
9.838613e+00  4.201759e-17
1.009107e+01  4.029260e-17
1.035001e+01  3.812309e-17
1.061559e+01  3.553838e-17
1.088799e+01  3.285227e-17
1.116737e+01  2.999154e-17
1.145393e+01  2.696628e-17
1.174784e+01  2.375380e-17
1.204929e+01  2.039252e-17
1.235847e+01  1.672517e-17
1.267559e+01  1.277603e-17
1.300085e+01  8.487072e-18
1.333445e+01  3.946846e-18
1.367661e+01  5.112364e-69
1.402755e+01  5.243547e-69
1.438750e+01  5.378097e-69
1.475668e+01  5.516099e-69
1.513534e+01  5.657642e-69
1.552372e+01  5.802818e-69
1.592205e+01  5.951718e-69
1.633061e+01  6.104439e-69
1.674966e+01  6.261080e-69
1.717946e+01  6.421739e-69
1.762028e+01  6.586521e-69
1.807242e+01  6.755531e-69
1.853616e+01  6.928879e-69
