1.000000e-03  1.145547e-19
1.078972e-03  3.478350e-19
1.164181e-03  7.946238e-19
1.256119e-03  1.143094e-18
1.355318e-03  1.397673e-18
1.462351e-03  1.722630e-18
1.577836e-03  2.120831e-18
1.702441e-03  2.604420e-18
1.836887e-03  3.193825e-18
1.981950e-03  3.912417e-18
2.138469e-03  4.774294e-18
2.307349e-03  5.822430e-18
2.489566e-03  7.066318e-18
2.686173e-03  8.566153e-18
2.898306e-03  1.033723e-17
3.127192e-03  1.243676e-17
3.374153e-03  1.490444e-17
3.640618e-03  1.778668e-17
3.928126e-03  2.113561e-17
4.238339e-03  2.497511e-17
4.573051e-03  2.937523e-17
4.934195e-03  3.427576e-17
5.323860e-03  3.978557e-17
5.744297e-03  4.579344e-17
6.197938e-03  5.229215e-17
6.687403e-03  5.917103e-17
7.215523e-03  6.630399e-17
7.785349e-03  7.349944e-17
8.400176e-03  8.045923e-17
9.063558e-03  8.704376e-17
9.779328e-03  9.267031e-17
1.000000e-02  9.399237e-17
1.025660e-02  9.551636e-17
1.051979e-02  9.706509e-17
1.055162e-02  9.725143e-17
1.078972e-02  9.812452e-17
1.106659e-02  9.912538e-17
1.135056e-02  1.001364e-16
1.138491e-02  1.002577e-16
1.164181e-02  1.006207e-16
1.194054e-02  1.010345e-16
1.224694e-02  1.014500e-16
1.228400e-02  1.014997e-16
1.256119e-02  1.012680e-16
1.288351e-02  1.010056e-16
1.321411e-02  1.007439e-16
1.325410e-02  1.007127e-16
1.355318e-02  9.985000e-17
1.390095e-02  9.887944e-17
1.425765e-02  9.791829e-17
1.430081e-02  9.780425e-17
1.462351e-02  9.631328e-17
1.499875e-02  9.464793e-17
1.538361e-02  9.301140e-17
1.543017e-02  9.281810e-17
1.577836e-02  9.074959e-17
1.618323e-02  8.845683e-17
1.659849e-02  8.622198e-17
1.664873e-02  8.595920e-17
1.702441e-02  8.339108e-17
1.746126e-02  8.056803e-17
1.790931e-02  7.784060e-17
1.796352e-02  7.752147e-17
1.836887e-02  7.464148e-17
1.884021e-02  7.150099e-17
1.932365e-02  6.849259e-17
1.938214e-02  6.814229e-17
1.981950e-02  6.505691e-17
2.032807e-02  6.172269e-17
2.084969e-02  5.855934e-17
2.091279e-02  5.819304e-17
2.138469e-02  5.515045e-17
2.193342e-02  5.188821e-17
2.249624e-02  4.881889e-17
2.256432e-02  4.846517e-17
2.307349e-02  4.556095e-17
2.366556e-02  4.247382e-17
2.427282e-02  3.959588e-17
2.434628e-02  3.926591e-17
2.489566e-02  3.669977e-17
2.553448e-02  3.398883e-17
2.618970e-02  3.147811e-17
2.626896e-02  3.119132e-17
2.686173e-02  2.902617e-17
2.755100e-02  2.674946e-17
2.825796e-02  2.465132e-17
2.834348e-02  2.441232e-17
2.898306e-02  2.269029e-17
2.972676e-02  2.088185e-17
3.048955e-02  1.921753e-17
3.058183e-02  1.902809e-17
3.127192e-02  1.777780e-17
3.207436e-02  1.645749e-17
3.289738e-02  1.523524e-17
3.299695e-02  1.509565e-17
3.374153e-02  1.423833e-17
3.460734e-02  1.332378e-17
3.549537e-02  1.246797e-17
3.560280e-02  1.236963e-17
3.640618e-02  1.188186e-17
3.734036e-02  1.135131e-17
3.829852e-02  1.084444e-17
3.841443e-02  1.078552e-17
3.928126e-02  1.056000e-17
4.028922e-02  1.031086e-17
4.132304e-02  1.006846e-17
4.144811e-02  1.003996e-17
4.238339e-02  1.003742e-17
4.347095e-02  1.003540e-17
4.458642e-02  1.003474e-17
4.472136e-02  1.003470e-17
4.573051e-02  1.019313e-17
4.690395e-02  1.037757e-17
4.810751e-02  1.056693e-17
4.825311e-02  1.058986e-17
4.934195e-02  1.088249e-17
5.060807e-02  1.121933e-17
5.190667e-02  1.156217e-17
5.206377e-02  1.160376e-17
5.323860e-02  1.199263e-17
5.460470e-02  1.245001e-17
5.600586e-02  1.292501e-17
5.617536e-02  1.298288e-17
5.744297e-02  1.346289e-17
5.891696e-02  1.402929e-17
6.042877e-02  1.461974e-17
6.061166e-02  1.469183e-17
6.197938e-02  1.524829e-17
6.356977e-02  1.590591e-17
6.520097e-02  1.659168e-17
6.539831e-02  1.667536e-17
6.687403e-02  1.729763e-17
6.859002e-02  1.803317e-17
7.035004e-02  1.880021e-17
7.056296e-02  1.889381e-17
7.215523e-02  1.955872e-17
7.400673e-02  2.034243e-17
7.590575e-02  2.115799e-17
7.613548e-02  2.125748e-17
7.785349e-02  2.196229e-17
7.985122e-02  2.279110e-17
8.190020e-02  2.365125e-17
8.214808e-02  2.375596e-17
8.400176e-02  2.445808e-17
8.615725e-02  2.528125e-17
8.836805e-02  2.613289e-17
8.863550e-02  2.623640e-17
9.063558e-02  2.692694e-17
9.296129e-02  2.773080e-17
9.534668e-02  2.856139e-17
9.563525e-02  2.866221e-17
9.779328e-02  2.930021e-17
1.003027e-01  3.004209e-17
1.028764e-01  3.080379e-17
1.031878e-01  3.089599e-17
1.055162e-01  3.145068e-17
1.082238e-01  3.209342e-17
1.110008e-01  3.275137e-17
1.113368e-01  3.283111e-17
1.138491e-01  3.326928e-17
1.167705e-01  3.377412e-17
1.197668e-01  3.428849e-17
1.201293e-01  3.435051e-17
1.228400e-01  3.463254e-17
1.259921e-01  3.495881e-17
1.292251e-01  3.529140e-17
1.296162e-01  3.533155e-17
1.325410e-01  3.543559e-17
1.359420e-01  3.555940e-17
1.394303e-01  3.568700e-17
1.398523e-01  3.570167e-17
1.430081e-01  3.558924e-17
1.466776e-01  3.547445e-17
1.504414e-01  3.536868e-17
1.508967e-01  3.535608e-17
1.543017e-01  3.503840e-17
1.582611e-01  3.469248e-17
1.623221e-01  3.435624e-17
1.628134e-01  3.431793e-17
1.664873e-01  3.380210e-17
1.707594e-01  3.323857e-17
1.751411e-01  3.269992e-17
1.756711e-01  3.263705e-17
1.796352e-01  3.194056e-17
1.842446e-01  3.117811e-17
1.889724e-01  3.046289e-17
1.895443e-01  3.037940e-17
1.938214e-01  2.954762e-17
1.987949e-01  2.864506e-17
2.038959e-01  2.781220e-17
2.045130e-01  2.771601e-17
2.091279e-01  2.680470e-17
2.144941e-01  2.584323e-17
2.199981e-01  2.495912e-17
2.206639e-01  2.485788e-17
2.256432e-01  2.393835e-17
2.314332e-01  2.299339e-17
2.373718e-01  2.213374e-17
2.380902e-01  2.203724e-17
2.434628e-01  2.118514e-17
2.497101e-01  2.032299e-17
2.561176e-01  1.956289e-17
2.568928e-01  1.947836e-17
2.626896e-01  1.873425e-17
2.694302e-01  1.800790e-17
2.763438e-01  1.740280e-17
2.771802e-01  1.733596e-17
2.834348e-01  1.677997e-17
2.907078e-01  1.626508e-17
2.981673e-01  1.585981e-17
2.990698e-01  1.581455e-17
3.058183e-01  1.541444e-17
3.136656e-01  1.509309e-17
3.217143e-01  1.492546e-17
3.226880e-01  1.491171e-17
3.299695e-01  1.480000e-17
3.384365e-01  1.477086e-17
3.471208e-01  1.477568e-17
3.481714e-01  1.478864e-17
3.560280e-01  1.486755e-17
3.651636e-01  1.507936e-17
3.745338e-01  1.529228e-17
3.756673e-01  1.532901e-17
3.841443e-01  1.560985e-17
3.940015e-01  1.604858e-17
4.041116e-01  1.653166e-17
4.053346e-01  1.659333e-17
4.144811e-01  1.705992e-17
4.251167e-01  1.766631e-17
4.360252e-01  1.835129e-17
4.373448e-01  1.843721e-17
4.472136e-01  1.908996e-17
4.586891e-01  1.985066e-17
4.704591e-01  2.065040e-17
4.718830e-01  2.074963e-17
4.825311e-01  2.150083e-17
4.949129e-01  2.241394e-17
5.076123e-01  2.335773e-17
5.091486e-01  2.347564e-17
5.206377e-01  2.436489e-17
5.339973e-01  2.538581e-17
5.476997e-01  2.639662e-17
5.493573e-01  2.652297e-17
5.617536e-01  2.747202e-17
5.761683e-01  2.857503e-17
5.909528e-01  2.969572e-17
5.927413e-01  2.982830e-17
6.061166e-01  3.081363e-17
6.216696e-01  3.195416e-17
6.376217e-01  3.315732e-17
6.395515e-01  3.329514e-17
6.539831e-01  3.433067e-17
6.707643e-01  3.557343e-17
6.879761e-01  3.677299e-17
6.900583e-01  3.691613e-17
7.056296e-01  3.799045e-17
7.237361e-01  3.918247e-17
7.423072e-01  4.036729e-17
7.445538e-01  4.051143e-17
7.613548e-01  4.159179e-17
7.808912e-01  4.280085e-17
8.009289e-01  4.395157e-17
8.033530e-01  4.407685e-17
8.214808e-01  4.501302e-17
8.425600e-01  4.611454e-17
8.641801e-01  4.702698e-17
8.667956e-01  4.714797e-17
8.863550e-01  4.805107e-17
9.090989e-01  4.899249e-17
9.324264e-01  4.999901e-17
9.352484e-01  5.010695e-17
9.563525e-01  5.091123e-17
9.808925e-01  5.171949e-17
1.006062e+00  5.247667e-17
1.009107e+00  5.255916e-17
1.031878e+00  5.317229e-17
1.058356e+00  5.376316e-17
1.085513e+00  5.431489e-17
1.088799e+00  5.437158e-17
1.113368e+00  5.479196e-17
1.141937e+00  5.510147e-17
1.171239e+00  5.544380e-17
1.174784e+00  5.547846e-17
1.201293e+00  5.573503e-17
1.232118e+00  5.590815e-17
1.263734e+00  5.607304e-17
1.267559e+00  5.607437e-17
1.296162e+00  5.608416e-17
1.329421e+00  5.605291e-17
1.363534e+00  5.595185e-17
1.367661e+00  5.592808e-17
1.398523e+00  5.575292e-17
1.434409e+00  5.555118e-17
1.471216e+00  5.522283e-17
1.475668e+00  5.518170e-17
1.508967e+00  5.487893e-17
1.547687e+00  5.451563e-17
1.587401e+00  5.410283e-17
1.592205e+00  5.405063e-17
1.628134e+00  5.366670e-17
1.669912e+00  5.319649e-17
1.712762e+00  5.271857e-17
1.717946e+00  5.266006e-17
1.756711e+00  5.223006e-17
1.801789e+00  5.175378e-17
1.848023e+00  5.131414e-17
1.895443e+00  5.085508e-17
1.944080e+00  5.042502e-17
1.993965e+00  5.001142e-17
2.045130e+00  4.964687e-17
2.097608e+00  4.922590e-17
2.151433e+00  4.895296e-17
2.206639e+00  4.872072e-17
2.263261e+00  4.854348e-17
2.321337e+00  4.844436e-17
2.380902e+00  4.837787e-17
2.441996e+00  4.835295e-17
2.504658e+00  4.835565e-17
2.568928e+00  4.838304e-17
2.634847e+00  4.841857e-17
2.702457e+00  4.843826e-17
2.771802e+00  4.842350e-17
2.842926e+00  4.834883e-17
2.915876e+00  4.818695e-17
2.990698e+00  4.794364e-17
3.067439e+00  4.771471e-17
3.146150e+00  4.750180e-17
3.226880e+00  4.729225e-17
3.309682e+00  4.708337e-17
3.394608e+00  4.687001e-17
3.481714e+00  4.664168e-17
3.571055e+00  4.638967e-17
3.662688e+00  4.611050e-17
3.756673e+00  4.579729e-17
3.853069e+00  4.544437e-17
3.951939e+00  4.504144e-17
4.053346e+00  4.458916e-17
4.157355e+00  4.408082e-17
4.264033e+00  4.351190e-17
4.373448e+00  4.287556e-17
4.485671e+00  4.217176e-17
4.600774e+00  4.144961e-17
4.718830e+00  4.074744e-17
4.839915e+00  4.009233e-17
4.964107e+00  3.951726e-17
5.091486e+00  3.906448e-17
5.222134e+00  3.877916e-17
5.356134e+00  3.871219e-17
5.493573e+00  3.892124e-17
5.634538e+00  3.948356e-17
5.779121e+00  4.037350e-17
5.927413e+00  4.126063e-17
6.079511e+00  4.207884e-17
6.235511e+00  4.280587e-17
6.395515e+00  4.342190e-17
6.559624e+00  4.390286e-17
6.727944e+00  4.422326e-17
6.900583e+00  4.435070e-17
7.077652e+00  4.425403e-17
7.259265e+00  4.389092e-17
7.445538e+00  4.322287e-17
7.636591e+00  4.241744e-17
7.832546e+00  4.155816e-17
8.033530e+00  4.064992e-17
8.239670e+00  3.969000e-17
8.451100e+00  3.868234e-17
8.667956e+00  3.762811e-17
8.890376e+00  3.653237e-17
9.118503e+00  3.539512e-17
9.352484e+00  3.422011e-17
9.592470e+00  3.301028e-17
9.838613e+00  3.176968e-17
1.009107e+01  3.050062e-17
1.035001e+01  2.920680e-17
1.061559e+01  2.786471e-17
1.088799e+01  2.583238e-17
1.116737e+01  2.360128e-17
1.145393e+01  2.126222e-17
1.174784e+01  1.874485e-17
1.204929e+01  1.609355e-17
1.235847e+01  1.320148e-17
1.267559e+01  1.013312e-17
1.300085e+01  6.809083e-18
1.333445e+01  3.104927e-18
1.367661e+01  4.248463e-69
1.402755e+01  4.357478e-69
1.438750e+01  4.469291e-69
1.475668e+01  4.583973e-69
1.513534e+01  4.701598e-69
1.552372e+01  4.822242e-69
1.592205e+01  4.945980e-69
1.633061e+01  5.072895e-69
1.674966e+01  5.203065e-69
1.717946e+01  5.336576e-69
1.762028e+01  5.473513e-69
1.807242e+01  5.613963e-69
1.853616e+01  5.758018e-69
