1.000000e-03  2.133760e-73
1.078972e-03  1.421190e-19
1.164181e-03  4.095474e-19
1.256119e-03  6.208392e-19
1.355318e-03  7.582739e-19
1.462351e-03  9.333766e-19
1.577836e-03  1.151844e-18
1.702441e-03  1.414301e-18
1.836887e-03  1.737133e-18
1.981950e-03  2.128184e-18
2.138469e-03  2.599083e-18
2.307349e-03  3.174247e-18
2.489566e-03  3.850341e-18
2.686173e-03  4.676205e-18
2.898306e-03  5.644632e-18
3.127192e-03  6.808440e-18
3.374153e-03  8.160854e-18
3.640618e-03  9.760799e-18
3.928126e-03  1.161445e-17
4.238339e-03  1.374272e-17
4.573051e-03  1.620460e-17
4.934195e-03  1.892942e-17
5.323860e-03  2.203515e-17
5.744297e-03  2.539951e-17
6.197938e-03  2.911055e-17
6.687403e-03  3.300960e-17
7.215523e-03  3.711821e-17
7.785349e-03  4.128179e-17
8.400176e-03  4.535584e-17
9.063558e-03  4.925779e-17
9.779328e-03  5.265813e-17
1.000000e-02  5.348115e-17
1.025660e-02  5.443125e-17
1.051979e-02  5.539824e-17
1.055162e-02  5.551468e-17
1.078972e-02  5.608545e-17
1.106659e-02  5.674064e-17
1.135056e-02  5.740348e-17
1.138491e-02  5.748305e-17
1.164181e-02  5.777777e-17
1.194054e-02  5.811424e-17
1.224694e-02  5.845268e-17
1.228400e-02  5.849317e-17
1.256119e-02  5.845117e-17
1.288351e-02  5.840351e-17
1.321411e-02  5.835590e-17
1.325410e-02  5.835022e-17
1.355318e-02  5.794017e-17
1.390095e-02  5.747809e-17
1.425765e-02  5.701969e-17
1.430081e-02  5.696525e-17
1.462351e-02  5.619210e-17
1.499875e-02  5.532695e-17
1.538361e-02  5.447514e-17
1.543017e-02  5.437442e-17
1.577836e-02  5.324972e-17
1.618323e-02  5.200091e-17
1.659849e-02  5.078139e-17
1.664873e-02  5.063784e-17
1.702441e-02  4.920655e-17
1.746126e-02  4.763039e-17
1.790931e-02  4.610474e-17
1.796352e-02  4.592604e-17
1.836887e-02  4.429232e-17
1.884021e-02  4.250771e-17
1.932365e-02  4.079498e-17
1.938214e-02  4.059534e-17
1.981950e-02  3.881165e-17
2.032807e-02  3.688121e-17
2.084969e-02  3.504679e-17
2.091279e-02  3.483418e-17
2.138469e-02  3.307236e-17
2.193342e-02  3.117973e-17
2.249624e-02  2.939537e-17
2.256432e-02  2.918950e-17
2.307349e-02  2.746535e-17
2.366556e-02  2.563083e-17
2.427282e-02  2.391885e-17
2.434628e-02  2.372245e-17
2.489566e-02  2.219442e-17
2.553448e-02  2.057844e-17
2.618970e-02  1.908010e-17
2.626896e-02  1.890884e-17
2.686173e-02  1.759063e-17
2.755100e-02  1.620498e-17
2.825796e-02  1.492846e-17
2.834348e-02  1.478309e-17
2.898306e-02  1.373212e-17
2.972676e-02  1.262911e-17
3.048955e-02  1.161469e-17
3.058183e-02  1.149927e-17
3.127192e-02  1.072007e-17
3.207436e-02  9.899150e-18
3.289738e-02  9.141108e-18
3.299695e-02  9.054653e-18
3.374153e-02  8.509725e-18
3.460734e-02  7.930644e-18
3.549537e-02  7.390967e-18
3.560280e-02  7.329099e-18
3.640618e-02  7.010034e-18
3.734036e-02  6.664564e-18
3.829852e-02  6.336117e-18
3.841443e-02  6.298039e-18
3.928126e-02  6.138523e-18
4.028922e-02  5.962296e-18
4.132304e-02  5.791129e-18
4.144811e-02  5.771043e-18
4.238339e-02  5.745538e-18
4.347095e-02  5.717841e-18
4.458642e-02  5.691228e-18
4.472136e-02  5.688078e-18
4.573051e-02  5.761426e-18
4.690395e-02  5.846916e-18
4.810751e-02  5.934853e-18
4.825311e-02  5.945476e-18
4.934195e-02  6.097626e-18
5.060807e-02  6.272047e-18
5.190667e-02  6.448470e-18
5.206377e-02  6.469842e-18
5.323860e-02  6.682256e-18
5.460470e-02  6.931952e-18
5.600586e-02  7.191025e-18
5.617536e-02  7.222573e-18
5.744297e-02  7.486362e-18
5.891696e-02  7.797556e-18
6.042877e-02  8.121836e-18
6.061166e-02  8.161413e-18
6.197938e-02  8.473154e-18
6.356977e-02  8.841694e-18
6.520097e-02  9.226160e-18
6.539831e-02  9.273076e-18
6.687403e-02  9.624527e-18
6.859002e-02  1.004027e-17
7.035004e-02  1.047410e-17
7.056296e-02  1.052706e-17
7.215523e-02  1.090460e-17
7.400673e-02  1.134991e-17
7.590575e-02  1.181352e-17
7.613548e-02  1.187007e-17
7.785349e-02  1.227424e-17
7.985122e-02  1.275001e-17
8.190020e-02  1.324465e-17
8.214808e-02  1.330491e-17
8.400176e-02  1.370773e-17
8.615725e-02  1.418032e-17
8.836805e-02  1.466937e-17
8.863550e-02  1.472882e-17
9.063558e-02  1.513504e-17
9.296129e-02  1.560861e-17
9.534668e-02  1.609859e-17
9.563525e-02  1.615810e-17
9.779328e-02  1.653323e-17
1.003027e-01  1.696969e-17
1.028764e-01  1.741817e-17
1.031878e-01  1.747246e-17
1.055162e-01  1.780910e-17
1.082238e-01  1.820014e-17
1.110008e-01  1.860038e-17
1.113368e-01  1.864889e-17
1.138491e-01  1.892095e-17
1.167705e-01  1.923463e-17
1.197668e-01  1.955440e-17
1.201293e-01  1.959300e-17
1.228400e-01  1.977997e-17
1.259921e-01  1.999617e-17
1.292251e-01  2.021623e-17
1.296162e-01  2.024275e-17
1.325410e-01  2.032905e-17
1.359420e-01  2.043049e-17
1.394303e-01  2.053358e-17
1.398523e-01  2.054558e-17
1.430081e-01  2.050878e-17
1.466776e-01  2.047427e-17
1.504414e-01  2.044381e-17
1.508967e-01  2.044003e-17
1.543017e-01  2.028137e-17
1.582611e-01  2.010882e-17
1.623221e-01  1.993957e-17
1.628134e-01  1.992038e-17
1.664873e-01  1.964763e-17
1.707594e-01  1.934987e-17
1.751411e-01  1.906400e-17
1.756711e-01  1.903050e-17
1.796352e-01  1.864065e-17
1.842446e-01  1.821483e-17
1.889724e-01  1.781283e-17
1.895443e-01  1.776593e-17
1.938214e-01  1.729886e-17
1.987949e-01  1.678683e-17
2.038959e-01  1.631161e-17
2.045130e-01  1.625648e-17
2.091279e-01  1.572072e-17
2.144941e-01  1.515386e-17
2.199981e-01  1.463057e-17
2.206639e-01  1.457042e-17
2.256432e-01  1.402594e-17
2.314332e-01  1.346434e-17
2.373718e-01  1.294572e-17
2.380902e-01  1.288717e-17
2.434628e-01  1.236489e-17
2.497101e-01  1.183277e-17
2.561176e-01  1.135802e-17
2.568928e-01  1.130501e-17
2.626896e-01  1.084326e-17
2.694302e-01  1.039428e-17
2.763438e-01  1.000590e-17
2.771802e-01  9.962479e-18
2.834348e-01  9.598824e-18
2.907078e-01  9.253842e-18
2.981673e-01  8.971817e-18
2.990698e-01  8.939433e-18
3.058183e-01  8.656622e-18
3.136656e-01  8.423595e-18
3.217143e-01  8.276482e-18
3.226880e-01  8.261982e-18
3.299695e-01  8.149304e-18
3.384365e-01  8.082040e-18
3.471208e-01  8.038190e-18
3.481714e-01  8.040336e-18
3.560280e-01  8.041379e-18
3.651636e-01  8.116640e-18
3.745338e-01  8.173962e-18
3.756673e-01  8.188124e-18
3.841443e-01  8.297819e-18
3.940015e-01  8.501874e-18
4.041116e-01  8.727039e-18
4.053346e-01  8.756350e-18
4.144811e-01  8.975778e-18
4.251167e-01  9.278385e-18
4.360252e-01  9.619198e-18
4.373448e-01  9.661613e-18
4.472136e-01  9.985203e-18
4.586891e-01  1.037626e-17
4.704591e-01  1.078900e-17
4.718830e-01  1.083970e-17
4.825311e-01  1.122409e-17
4.949129e-01  1.169673e-17
5.076123e-01  1.218304e-17
5.091486e-01  1.224553e-17
5.206377e-01  1.271673e-17
5.339973e-01  1.326046e-17
5.476997e-01  1.377752e-17
5.493573e-01  1.384349e-17
5.617536e-01  1.433853e-17
5.761683e-01  1.492838e-17
5.909528e-01  1.552529e-17
5.927413e-01  1.559519e-17
6.061166e-01  1.611282e-17
6.216696e-01  1.671468e-17
6.376217e-01  1.735180e-17
6.395515e-01  1.742537e-17
6.539831e-01  1.797835e-17
6.707643e-01  1.865895e-17
6.879761e-01  1.928844e-17
6.900583e-01  1.936418e-17
7.056296e-01  1.993270e-17
7.237361e-01  2.056364e-17
7.423072e-01  2.118673e-17
7.445538e-01  2.126587e-17
7.613548e-01  2.185946e-17
7.808912e-01  2.254536e-17
8.009289e-01  2.316775e-17
8.033530e-01  2.323598e-17
8.214808e-01  2.374605e-17
8.425600e-01  2.433483e-17
8.641801e-01  2.480380e-17
8.667956e-01  2.487085e-17
8.863550e-01  2.537162e-17
9.090989e-01  2.590126e-17
9.324264e-01  2.646894e-17
9.352484e-01  2.652791e-17
9.563525e-01  2.696745e-17
9.808925e-01  2.740213e-17
1.006062e+00  2.782228e-17
1.009107e+00  2.787018e-17
1.031878e+00  2.822647e-17
1.058356e+00  2.856621e-17
1.085513e+00  2.886890e-17
1.088799e+00  2.890181e-17
1.113368e+00  2.914595e-17
1.141937e+00  2.932290e-17
1.171239e+00  2.951576e-17
1.174784e+00  2.953632e-17
1.201293e+00  2.968855e-17
1.232118e+00  2.980365e-17
1.263734e+00  2.992130e-17
1.267559e+00  2.992375e-17
1.296162e+00  2.994185e-17
1.329421e+00  2.993398e-17
1.363534e+00  2.989411e-17
1.367661e+00  2.988252e-17
1.398523e+00  2.979711e-17
1.434409e+00  2.969940e-17
1.471216e+00  2.952400e-17
1.475668e+00  2.950248e-17
1.508967e+00  2.934407e-17
1.547687e+00  2.915736e-17
1.587401e+00  2.894251e-17
1.592205e+00  2.891448e-17
1.628134e+00  2.870829e-17
1.669912e+00  2.844999e-17
1.712762e+00  2.818961e-17
1.717946e+00  2.815737e-17
1.756711e+00  2.792048e-17
1.801789e+00  2.765296e-17
1.848023e+00  2.741313e-17
1.895443e+00  2.716627e-17
1.944080e+00  2.693776e-17
1.993965e+00  2.670620e-17
2.045130e+00  2.650220e-17
2.097608e+00  2.625966e-17
2.151433e+00  2.610655e-17
2.206639e+00  2.597390e-17
2.263261e+00  2.587245e-17
2.321337e+00  2.581639e-17
2.380902e+00  2.578395e-17
2.441996e+00  2.579081e-17
2.504658e+00  2.582883e-17
2.568928e+00  2.589206e-17
2.634847e+00  2.596704e-17
2.702457e+00  2.603079e-17
2.771802e+00  2.607913e-17
2.842926e+00  2.609226e-17
2.915876e+00  2.604603e-17
2.990698e+00  2.595135e-17
3.067439e+00  2.586763e-17
3.146150e+00  2.579283e-17
3.226880e+00  2.572717e-17
3.309682e+00  2.566564e-17
3.394608e+00  2.559783e-17
3.481714e+00  2.553060e-17
3.571055e+00  2.545436e-17
3.662688e+00  2.535834e-17
3.756673e+00  2.525233e-17
3.853069e+00  2.512504e-17
3.951939e+00  2.496853e-17
4.053346e+00  2.479119e-17
4.157355e+00  2.458259e-17
4.264033e+00  2.433563e-17
4.373448e+00  2.405873e-17
4.485671e+00  2.374186e-17
4.600774e+00  2.337965e-17
4.718830e+00  2.298014e-17
4.839915e+00  2.254824e-17
4.964107e+00  2.214165e-17
5.091486e+00  2.180694e-17
5.222134e+00  2.157027e-17
5.356134e+00  2.146884e-17
5.493573e+00  2.155607e-17
5.634538e+00  2.187610e-17
5.779121e+00  2.241323e-17
5.927413e+00  2.296793e-17
6.079511e+00  2.351611e-17
6.235511e+00  2.405226e-17
6.395515e+00  2.454736e-17
6.559624e+00  2.496357e-17
6.727944e+00  2.527962e-17
6.900583e+00  2.548071e-17
7.077652e+00  2.553504e-17
7.259265e+00  2.541402e-17
7.445538e+00  2.509406e-17
7.636591e+00  2.468410e-17
7.832546e+00  2.423931e-17
8.033530e+00  2.376535e-17
8.239670e+00  2.325728e-17
8.451100e+00  2.271781e-17
8.667956e+00  2.215006e-17
8.890376e+00  2.155447e-17
9.118503e+00  2.093121e-17
9.352484e+00  2.028338e-17
9.592470e+00  1.961183e-17
9.838613e+00  1.891933e-17
1.009107e+01  1.820658e-17
1.035001e+01  1.747634e-17
1.061559e+01  1.673015e-17
1.088799e+01  1.597050e-17
1.116737e+01  1.520020e-17
1.145393e+01  1.418203e-17
1.174784e+01  1.255786e-17
1.204929e+01  1.078265e-17
1.235847e+01  8.888268e-18
1.267559e+01  6.806811e-18
1.300085e+01  4.567342e-18
1.333445e+01  2.116723e-18
1.367661e+01  2.944402e-69
1.402755e+01  3.019955e-69
1.438750e+01  3.097447e-69
1.475668e+01  3.176928e-69
1.513534e+01  3.258448e-69
1.552372e+01  3.342060e-69
1.592205e+01  3.427817e-69
1.633061e+01  3.515775e-69
1.674966e+01  3.605990e-69
1.717946e+01  3.698520e-69
1.762028e+01  3.793424e-69
1.807242e+01  3.890764e-69
1.853616e+01  3.990601e-69
