1.000000e-03  2.064553e-73
1.078972e-03  1.300293e-19
1.164181e-03  3.875047e-19
1.256119e-03  5.921538e-19
1.355318e-03  7.236813e-19
1.462351e-03  8.902941e-19
1.577836e-03  1.098874e-18
1.702441e-03  1.349129e-18
1.836887e-03  1.656550e-18
1.981950e-03  2.030979e-18
2.138469e-03  2.476082e-18
2.307349e-03  3.030010e-18
2.489566e-03  3.671493e-18
2.686173e-03  4.465016e-18
2.898306e-03  5.383534e-18
3.127192e-03  6.499473e-18
3.374153e-03  7.793646e-18
3.640618e-03  9.319359e-18
3.928126e-03  1.109262e-17
4.238339e-03  1.310757e-17
4.573051e-03  1.548255e-17
4.934195e-03  1.806881e-17
5.323860e-03  2.106060e-17
5.744297e-03  2.426050e-17
6.197938e-03  2.782973e-17
6.687403e-03  3.156818e-17
7.215523e-03  3.550436e-17
7.785349e-03  3.950531e-17
8.400176e-03  4.337472e-17
9.063558e-03  4.716200e-17
9.779328e-03  5.040774e-17
1.000000e-02  5.120765e-17
1.025660e-02  5.213129e-17
1.051979e-02  5.307161e-17
1.055162e-02  5.318486e-17
1.078972e-02  5.373881e-17
1.106659e-02  5.437478e-17
1.135056e-02  5.501827e-17
1.138491e-02  5.509552e-17
1.164181e-02  5.538687e-17
1.194054e-02  5.571954e-17
1.224694e-02  5.605422e-17
1.228400e-02  5.609427e-17
1.256119e-02  5.606147e-17
1.288351e-02  5.602424e-17
1.321411e-02  5.598704e-17
1.325410e-02  5.598261e-17
1.355318e-02  5.559773e-17
1.390095e-02  5.516393e-17
1.425765e-02  5.473351e-17
1.430081e-02  5.468239e-17
1.462351e-02  5.394569e-17
1.499875e-02  5.312124e-17
1.538361e-02  5.230940e-17
1.543017e-02  5.221340e-17
1.577836e-02  5.114843e-17
1.618323e-02  4.996557e-17
1.659849e-02  4.881007e-17
1.664873e-02  4.867403e-17
1.702441e-02  4.729599e-17
1.746126e-02  4.577854e-17
1.790931e-02  4.430981e-17
1.796352e-02  4.413778e-17
1.836887e-02  4.259796e-17
1.884021e-02  4.091464e-17
1.932365e-02  3.929783e-17
1.938214e-02  3.910928e-17
1.981950e-02  3.738465e-17
2.032807e-02  3.551846e-17
2.084969e-02  3.374543e-17
2.091279e-02  3.353996e-17
2.138469e-02  3.185375e-17
2.193342e-02  3.004172e-17
2.249624e-02  2.833274e-17
2.256432e-02  2.813552e-17
2.307349e-02  2.647013e-17
2.366556e-02  2.469837e-17
2.427282e-02  2.304522e-17
2.434628e-02  2.285558e-17
2.489566e-02  2.138557e-17
2.553448e-02  1.983078e-17
2.618970e-02  1.838900e-17
2.626896e-02  1.822420e-17
2.686173e-02  1.695375e-17
2.755100e-02  1.561830e-17
2.825796e-02  1.438803e-17
2.834348e-02  1.424792e-17
2.898306e-02  1.323335e-17
2.972676e-02  1.216869e-17
3.048955e-02  1.118968e-17
3.058183e-02  1.107829e-17
3.127192e-02  1.032812e-17
3.207436e-02  9.537745e-18
3.289738e-02  8.807866e-18
3.299695e-02  8.724621e-18
3.374153e-02  8.195984e-18
3.460734e-02  7.634475e-18
3.549537e-02  7.111434e-18
3.560280e-02  7.051490e-18
3.640618e-02  6.744122e-18
3.734036e-02  6.411339e-18
3.829852e-02  6.094973e-18
3.841443e-02  6.058297e-18
3.928126e-02  5.900220e-18
4.028922e-02  5.725729e-18
4.132304e-02  5.556399e-18
4.144811e-02  5.536539e-18
4.238339e-02  5.509306e-18
4.347095e-02  5.479809e-18
4.458642e-02  5.451368e-18
4.472136e-02  5.448004e-18
4.573051e-02  5.516853e-18
4.690395e-02  5.597036e-18
4.810751e-02  5.679625e-18
4.825311e-02  5.689601e-18
4.934195e-02  5.834061e-18
5.060807e-02  5.999432e-18
5.190667e-02  6.166699e-18
5.206377e-02  6.186959e-18
5.323860e-02  6.389629e-18
5.460470e-02  6.627831e-18
5.600586e-02  6.874958e-18
5.617536e-02  6.905053e-18
5.744297e-02  7.157623e-18
5.891696e-02  7.455549e-18
6.042877e-02  7.766039e-18
6.061166e-02  7.803938e-18
6.197938e-02  8.100743e-18
6.356977e-02  8.451529e-18
6.520097e-02  8.817388e-18
6.539831e-02  8.862037e-18
6.687403e-02  9.199297e-18
6.859002e-02  9.598251e-18
7.035004e-02  1.001463e-17
7.056296e-02  1.006546e-17
7.215523e-02  1.042388e-17
7.400673e-02  1.084648e-17
7.590575e-02  1.128635e-17
7.613548e-02  1.134000e-17
7.785349e-02  1.173075e-17
7.985122e-02  1.219080e-17
8.190020e-02  1.266928e-17
8.214808e-02  1.272760e-17
8.400176e-02  1.311273e-17
8.615725e-02  1.356452e-17
8.836805e-02  1.403203e-17
8.863550e-02  1.408887e-17
9.063558e-02  1.447939e-17
9.296129e-02  1.493462e-17
9.534668e-02  1.540571e-17
9.563525e-02  1.546295e-17
9.779328e-02  1.582329e-17
1.003027e-01  1.624238e-17
1.028764e-01  1.667316e-17
1.031878e-01  1.672531e-17
1.055162e-01  1.704974e-17
1.082238e-01  1.742650e-17
1.110008e-01  1.781226e-17
1.113368e-01  1.785903e-17
1.138491e-01  1.812178e-17
1.167705e-01  1.842441e-17
1.197668e-01  1.873298e-17
1.201293e-01  1.877025e-17
1.228400e-01  1.895158e-17
1.259921e-01  1.916100e-17
1.292251e-01  1.937422e-17
1.296162e-01  1.939993e-17
1.325410e-01  1.948482e-17
1.359420e-01  1.958416e-17
1.394303e-01  1.968531e-17
1.398523e-01  1.969707e-17
1.430081e-01  1.966505e-17
1.466776e-01  1.963564e-17
1.504414e-01  1.961038e-17
1.508967e-01  1.960721e-17
1.543017e-01  1.945623e-17
1.582611e-01  1.929155e-17
1.623221e-01  1.912995e-17
1.628134e-01  1.911168e-17
1.664873e-01  1.885378e-17
1.707594e-01  1.857119e-17
1.751411e-01  1.830055e-17
1.756711e-01  1.826887e-17
1.796352e-01  1.789463e-17
1.842446e-01  1.748408e-17
1.889724e-01  1.709764e-17
1.895443e-01  1.705258e-17
1.938214e-01  1.660691e-17
1.987949e-01  1.611731e-17
2.038959e-01  1.566301e-17
2.045130e-01  1.561031e-17
2.091279e-01  1.509628e-17
2.144941e-01  1.455099e-17
2.199981e-01  1.404798e-17
2.206639e-01  1.399024e-17
2.256432e-01  1.346776e-17
2.314332e-01  1.292680e-17
2.373718e-01  1.242797e-17
2.380902e-01  1.237167e-17
2.434628e-01  1.186931e-17
2.497101e-01  1.135487e-17
2.561176e-01  1.089693e-17
2.568928e-01  1.084580e-17
2.626896e-01  1.039855e-17
2.694302e-01  9.960831e-18
2.763438e-01  9.583950e-18
2.771802e-01  9.541836e-18
2.834348e-01  9.195101e-18
2.907078e-01  8.861914e-18
2.981673e-01  8.590597e-18
2.990698e-01  8.559434e-18
3.058183e-01  8.278899e-18
3.136656e-01  8.042032e-18
3.217143e-01  7.893335e-18
3.226880e-01  7.878640e-18
3.299695e-01  7.769291e-18
3.384365e-01  7.697510e-18
3.471208e-01  7.648867e-18
3.481714e-01  7.650720e-18
3.560280e-01  7.647338e-18
3.651636e-01  7.709551e-18
3.745338e-01  7.758234e-18
3.756673e-01  7.771236e-18
3.841443e-01  7.873460e-18
3.940015e-01  8.058191e-18
4.041116e-01  8.269647e-18
4.053346e-01  8.297244e-18
4.144811e-01  8.503468e-18
4.251167e-01  8.783868e-18
4.360252e-01  9.106545e-18
4.373448e-01  9.146758e-18
4.472136e-01  9.453925e-18
4.586891e-01  9.817781e-18
4.704591e-01  1.020811e-17
4.718830e-01  1.025638e-17
4.825311e-01  1.062234e-17
4.949129e-01  1.106457e-17
5.076123e-01  1.152617e-17
5.091486e-01  1.158531e-17
5.206377e-01  1.203131e-17
5.339973e-01  1.254279e-17
5.476997e-01  1.303329e-17
5.493573e-01  1.309571e-17
5.617536e-01  1.356421e-17
5.761683e-01  1.411820e-17
5.909528e-01  1.468792e-17
5.927413e-01  1.475414e-17
6.061166e-01  1.524403e-17
6.216696e-01  1.581125e-17
6.376217e-01  1.641748e-17
6.395515e-01  1.648734e-17
6.539831e-01  1.701248e-17
6.707643e-01  1.765380e-17
6.879761e-01  1.825333e-17
6.900583e-01  1.832507e-17
7.056296e-01  1.886356e-17
7.237361e-01  1.945719e-17
7.423072e-01  2.005039e-17
7.445538e-01  2.012546e-17
7.613548e-01  2.068853e-17
7.808912e-01  2.133348e-17
8.009289e-01  2.193507e-17
8.033530e-01  2.199942e-17
8.214808e-01  2.248047e-17
8.425600e-01  2.303811e-17
8.641801e-01  2.348334e-17
8.667956e-01  2.354663e-17
8.863550e-01  2.401929e-17
9.090989e-01  2.451975e-17
9.324264e-01  2.506422e-17
9.352484e-01  2.512049e-17
9.563525e-01  2.553989e-17
9.808925e-01  2.595020e-17
1.006062e+00  2.634868e-17
1.009107e+00  2.639405e-17
1.031878e+00  2.673152e-17
1.058356e+00  2.705427e-17
1.085513e+00  2.734910e-17
1.088799e+00  2.738006e-17
1.113368e+00  2.760972e-17
1.141937e+00  2.777646e-17
1.171239e+00  2.796229e-17
1.174784e+00  2.798169e-17
1.201293e+00  2.812532e-17
1.232118e+00  2.823353e-17
1.263734e+00  2.834997e-17
1.267559e+00  2.835265e-17
1.296162e+00  2.837244e-17
1.329421e+00  2.836634e-17
1.363534e+00  2.832942e-17
1.367661e+00  2.831829e-17
1.398523e+00  2.823625e-17
1.434409e+00  2.814693e-17
1.471216e+00  2.797955e-17
1.475668e+00  2.795913e-17
1.508967e+00  2.780881e-17
1.547687e+00  2.763310e-17
1.587401e+00  2.742960e-17
1.592205e+00  2.740313e-17
1.628134e+00  2.720844e-17
1.669912e+00  2.696391e-17
1.712762e+00  2.671550e-17
1.717946e+00  2.668496e-17
1.756711e+00  2.646056e-17
1.801789e+00  2.620693e-17
1.848023e+00  2.597810e-17
1.895443e+00  2.574382e-17
1.944080e+00  2.552759e-17
1.993965e+00  2.530964e-17
2.045130e+00  2.511621e-17
2.097608e+00  2.488307e-17
2.151433e+00  2.473765e-17
2.206639e+00  2.461212e-17
2.263261e+00  2.451462e-17
2.321337e+00  2.446193e-17
2.380902e+00  2.443135e-17
2.441996e+00  2.443670e-17
2.504658e+00  2.447581e-17
2.568928e+00  2.454005e-17
2.634847e+00  2.461450e-17
2.702457e+00  2.468226e-17
2.771802e+00  2.473274e-17
2.842926e+00  2.474827e-17
2.915876e+00  2.471095e-17
2.990698e+00  2.462315e-17
3.067439e+00  2.454543e-17
3.146150e+00  2.448084e-17
3.226880e+00  2.442138e-17
3.309682e+00  2.436533e-17
3.394608e+00  2.430888e-17
3.481714e+00  2.424789e-17
3.571055e+00  2.417821e-17
3.662688e+00  2.409609e-17
3.756673e+00  2.399828e-17
3.853069e+00  2.388135e-17
3.951939e+00  2.374182e-17
4.053346e+00  2.357651e-17
4.157355e+00  2.338341e-17
4.264033e+00  2.315772e-17
4.373448e+00  2.289859e-17
4.485671e+00  2.260259e-17
4.600774e+00  2.226762e-17
4.718830e+00  2.189143e-17
4.839915e+00  2.147885e-17
4.964107e+00  2.108717e-17
5.091486e+00  2.075741e-17
5.222134e+00  2.052321e-17
5.356134e+00  2.042204e-17
5.493573e+00  2.049863e-17
5.634538e+00  2.080263e-17
5.779121e+00  2.131949e-17
5.927413e+00  2.185007e-17
6.079511e+00  2.237562e-17
6.235511e+00  2.289404e-17
6.395515e+00  2.337691e-17
6.559624e+00  2.378654e-17
6.727944e+00  2.410315e-17
6.900583e+00  2.430545e-17
7.077652e+00  2.436788e-17
7.259265e+00  2.426245e-17
7.445538e+00  2.396169e-17
7.636591e+00  2.357566e-17
7.832546e+00  2.315698e-17
8.033530e+00  2.270829e-17
8.239670e+00  2.222778e-17
8.451100e+00  2.171739e-17
8.667956e+00  2.117852e-17
8.890376e+00  2.061327e-17
9.118503e+00  2.002184e-17
9.352484e+00  1.940609e-17
9.592470e+00  1.876769e-17
9.838613e+00  1.810886e-17
1.009107e+01  1.743069e-17
1.035001e+01  1.673537e-17
1.061559e+01  1.602414e-17
1.088799e+01  1.530059e-17
1.116737e+01  1.456609e-17
1.145393e+01  1.371839e-17
1.174784e+01  1.216882e-17
1.204929e+01  1.046128e-17
1.235847e+01  8.618047e-18
1.267559e+01  6.619033e-18
1.300085e+01  4.436198e-18
1.333445e+01  2.042847e-18
1.367661e+01  2.850350e-69
1.402755e+01  2.923490e-69
1.438750e+01  2.998507e-69
1.475668e+01  3.075449e-69
1.513534e+01  3.154365e-69
1.552372e+01  3.235306e-69
1.592205e+01  3.318324e-69
1.633061e+01  3.403472e-69
1.674966e+01  3.490806e-69
1.717946e+01  3.580380e-69
1.762028e+01  3.672253e-69
1.807242e+01  3.766483e-69
1.853616e+01  3.863131e-69
