-0.9907120743034056 -0.5329341317365268
-0.9690402476780186 -0.40119760479041894
-0.9195046439628484 -0.1317365269461079
-0.8575851393188855 0.005988023952095787
-0.7770897832817338 0.07784431137724523
-0.6965944272445821 0.07784431137724523
-0.6006191950464397 0.023952095808383148
-0.5201238390092879 -0.023952095808383148
-0.4674922600619196 -0.047904191616766297
-0.4179566563467493 -0.07185628742515004
-0.3560371517027864 0.01796407185628736
-0.3188854489164087 0.03592814371257472
-0.27244582043343657 0.05988023952095787
-0.20743034055727572 0.05389221556886208
-0.1362229102167184 0.03592814371257472
-0.05882352941176483 -0.005988023952095787
0.02786377708978316 -0.03592814371257472
0.1455108359133126 -0.0898203592814374
0.2198142414860682 -0.1317365269461079
0.27554179566563475 -0.1796407185628742
0.3250773993808047 -0.2395209580838321
0.36842105263157876 -0.30538922155688636
0.43034055727554166 -0.4191616766467069
0.47987616099071184 -0.4910179640718563
0.5356037151702782 -0.5449101796407184
0.5820433436532506 -0.5628742514970058
0.6222910216718265 -0.5508982035928142
0.6625386996904024 -0.5149700598802395
0.7182662538699689 -0.44311377245509004
0.78328173374613 -0.35329341317365265
0.8452012383900929 -0.29341317365269476
0.8978328173374612 -0.25748502994012
0.9597523219814241 -0.2395209580838321
1.0061919504643964 -0.24550898203592847
1.04953560371517 -0.2754491017964074
1.1300309597523217 -0.33532934131736525
1.1981424148606812 -0.38922155688622734
1.2631578947368416 -0.4251497005988027
1.331269349845201 -0.43712574850299424
1.4055727554179565 -0.44311377245509004
1.458204334365325 -0.43113772455089844
1.5139318885448918 -0.39520958083832314
1.5541795665634677 -0.3173652694610779
1.5851393188854486 -0.25149700598802427
1.6222910216718263 -0.1317365269461079
1.6996904024767798 0.15568862275449105
1.7492260061919507 0.3173652694610779
1.7894736842105265 0.4191616766467063
1.8266253869969042 0.4970059880239521
1.8699690402476778 0.5748502994011974
1.9226006191950464 0.6227544910179642
1.9845201238390096 0.6347305389221558
2.046439628482972 0.6047904191616763
2.1052631578947363 0.5508982035928142
2.154798761609907 0.473053892215569
2.198142414860681 0.39520958083832314
2.241486068111455 0.29940119760479056
2.287925696594427 0.1796407185628742
2.3219814241486065 0.08383233532934102
2.3684210526315788 -0.047904191616766297
2.4179566563467487 -0.2155688622754489
2.4767801857585137 -0.4131736526946111
2.5077399380804954 -0.5269461077844311
2.5479876160990713 -0.6706586826347305
