1e+23  26.3706 38.2217  117.282 0.0247583
9.77237e+22  25.9202 37.4308  120.142 0.0245173
9.54993e+22  25.6827 37.5797  121.104 0.0251111
9.33254e+22  25.0086 37.041  121.399 0.0247819
9.12011e+22  24.7482 35.6113  122.673 0.0255931
8.91251e+22  24.402 35.3585  121.91 0.0262793
8.70964e+22  23.9058 34.6982  121.216 0.0255792
8.51138e+22  23.3988 34.1185  119.912 0.0254369
8.31764e+22  23.0868 32.8877  122.771 0.0247975
8.12831e+22  22.3096 33.1617  124.005 0.025103
7.94328e+22  22.1326 31.9988  126.259 0.0254512
7.76247e+22  21.7761 31.0744  123.286 0.0248913
7.58578e+22  21.909 30.4934  124.978 0.0256318
7.4131e+22  21.3064 30.1568  125.8 0.0261236
7.24436e+22  21.2536 30.3177  124.934 0.026305
7.07946e+22  20.8671 29.0087  125.568 0.0260905
6.91831e+22  20.2186 28.9481  125.895 0.0255211
6.76083e+22  19.9938 28.274  124.324 0.0264148
6.60693e+22  19.7895 27.6927  122.112 0.0250951
6.45654e+22  19.6727 27.2276  121.716 0.0256422
6.30957e+22  19.1759 27.6091  117.917 0.0259341
6.16595e+22  18.8896 26.9964  124.482 0.0257716
6.0256e+22  18.3702 26.0621  122.757 0.0262756
5.88844e+22  18.559 26.4186  122.669 0.0261711
5.7544e+22  17.9495 25.5654  122.995 0.0257781
5.62341e+22  17.8496 24.988  122.309 0.0260253
5.49541e+22  17.8846 24.6211  122.754 0.0257363
5.37032e+22  17.2947 23.6935  124.089 0.0268386
5.24807e+22  17.2703 23.7391  118.37 0.0256407
5.12861e+22  16.8407 23.85  123.431 0.0264901
5.01187e+22  16.7584 22.9185  122.937 0.0265362
4.89779e+22  16.515 22.0861  124.795 0.0263034
4.7863e+22  16.2067 22.312  120.483 0.0268147
4.67735e+22  15.5847 21.9075  123.36 0.0262731
4.57088e+22  15.9865 21.5197  123.119 0.0275704
4.46684e+22  15.5409 21.2088  125.148 0.0259847
4.36516e+22  15.3235 20.8837  117.687 0.0272716
4.2658e+22  14.9273 20.147  122.594 0.0269149
4.16869e+22  14.6206 20.0077  121.851 0.026582
4.0738e+22  14.4128 20.1475  121.274 0.0268186
3.98107e+22  14.164 19.2018  122.163 0.0265417
3.89045e+22  14.1813 18.6268  127.096 0.0258867
3.80189e+22  13.8565 18.7784  124.93 0.0266845
3.71535e+22  13.5369 18.3202  121.933 0.0266122
3.63078e+22  13.6774 18.0581  118.802 0.0263186
3.54813e+22  13.4929 17.8831  123.292 0.0265096
3.46737e+22  13.3735 17.2756  122.936 0.0262069
3.38844e+22  12.9678 17.5062  125.71 0.026571
3.31131e+22  12.8767 17.2421  120.002 0.0267937
3.23594e+22  12.7366 16.9644  122.239 0.0268099
3.16228e+22  12.5475 16.1717  123.435 0.027245
3.0903e+22  12.4486 16.1482  121.82 0.0273832
3.01995e+22  12.1208 15.7803  123.141 0.0274675
2.95121e+22  12.1628 15.4089  121.986 0.0271733
2.88403e+22  12.0107 15.2556  122.687 0.0281495
2.81838e+22  11.9167 15.3603  118.486 0.0268837
2.75423e+22  11.5049 14.8563  122.754 0.0269636
2.69153e+22  11.262 14.769  120.765 0.027374
2.63027e+22  11.4716 14.376  120.863 0.0269618
2.5704e+22  11.0373 14.1669  126.078 0.0267325
2.51189e+22  10.8279 14.1247  118.809 0.027279
2.45471e+22  11.1112 13.8605  122.622 0.0273716
2.39883e+22  10.7276 13.5532  118.484 0.0277213
2.34423e+22  10.738 13.208  124.144 0.0275426
2.29087e+22  10.6969 13.1446  121.969 0.0277499
2.23872e+22  10.2616 12.8244  120.642 0.027228
2.18776e+22  10.4516 12.6316  119.667 0.027542
2.13796e+22  10.1978 12.6616  124.295 0.0278275
2.0893e+22  10.0927 12.7031  120.842 0.0285689
2.04174e+22  9.91628 12.3558  122.591 0.0281149
1.99526e+22  9.91187 12.2271  120.233 0.0279943
1.94984e+22  9.87611 11.7236  119.165 0.0275796
1.90546e+22  9.82017 11.4286  120.134 0.0281615
1.86209e+22  9.38563 11.3024  120.212 0.0281084
1.8197e+22  9.29523 11.327  121.087 0.0273319
1.77828e+22  9.28348 11.0602  123.624 0.0288689
1.7378e+22  9.22578 11.0803  121.58 0.0286236
1.69824e+22  9.02604 10.7305  121.234 0.0279887
1.65959e+22  9.15987 10.5963  125.297 0.0279349
1.62181e+22  9.04057 10.3494  123.701 0.0286192
1.58489e+22  8.93826 10.3315  123.878 0.0280772
1.54882e+22  8.58788 9.97779  120.992 0.0282842
1.51356e+22  8.6143 9.80845  124.058 0.0278303
1.47911e+22  8.58206 9.77746  122.522 0.0280885
1.44544e+22  8.41222 9.71639  123.646 0.0291428
1.41254e+22  8.32151 9.72428  122.963 0.0285862
1.38038e+22  8.26189 9.36095  121.09 0.0271268
1.34896e+22  8.32295 9.18612  122.327 0.0281228
1.31826e+22  7.99999 9.10608  123.65 0.0283508
1.28825e+22  8.09045 8.95668  121.352 0.0288201
1.25893e+22  7.97359 8.83563  120.701 0.0284969
1.23027e+22  8.01013 8.79285  124.703 0.0292675
1.20226e+22  7.91168 8.5704  123.149 0.0287456
1.1749e+22  7.69016 8.37948  120.148 0.0286488
1.14815e+22  7.58267 8.47434  120.204 0.0290843
1.12202e+22  7.48154 8.221  121.963 0.028328
1.09648e+22  7.55793 8.05103  122.393 0.0290394
1.07152e+22  7.49166 8.0951  120.54 0.0285587
1.04713e+22  7.47036 7.99636  121.416 0.0289692
1.02329e+22  7.53022 7.85646  123.263 0.0293573
1e+22  7.38569 7.56859  120.924 0.0303083
9.77237e+21  7.45848 7.57638  118.842 0.02937
9.54993e+21  7.24988 7.39336  119.884 0.029716
9.33254e+21  7.32851 7.35007  119.534 0.0294439
9.12011e+21  7.12311 7.39783  125.566 0.0294922
8.91251e+21  7.13316 7.19348  124.952 0.0303013
8.70964e+21  7.09477 7.02929  120.318 0.0300243
8.51138e+21  6.95723 6.86446  124.41 0.0309979
8.31764e+21  7.04969 6.73701  125.284 0.0291771
8.12831e+21  6.91251 6.93315  121.173 0.0303047
7.94328e+21  6.86655 6.76277  124.742 0.031008
7.76247e+21  6.80088 6.63964  123.225 0.0295731
7.58578e+21  6.7213 6.5704  124.083 0.0299914
7.4131e+21  6.82529 6.43634  121.696 0.0295839
7.24436e+21  6.82184 6.42662  117.915 0.0296598
7.07946e+21  6.60648 6.04037  118.917 0.0293914
6.91831e+21  6.55684 6.07748  122.036 0.0308144
6.76083e+21  6.37223 6.13055  122.354 0.0295399
6.60693e+21  6.349 6.04499  120.11 0.0301458
6.45654e+21  6.60794 5.85568  122.869 0.0297201
6.30957e+21  6.4415 5.87961  121.958 0.0293971
6.16595e+21  6.32525 5.77303  121.658 0.0299213
6.0256e+21  6.20963 5.6485  122.329 0.030219
5.88844e+21  6.26299 5.63705  121.668 0.0297586
5.7544e+21  6.29983 5.46285  117.709 0.0300615
5.62341e+21  6.11406 5.52355  119.029 0.0311604
5.49541e+21  5.98188 5.27115  118.454 0.0310656
5.37032e+21  6.13106 5.25866  120.803 0.0302225
5.24807e+21  6.00418 5.13319  120.893 0.0307323
5.12861e+21  6.13792 5.13515  122.547 0.0307416
5.01187e+21  6.04403 5.09366  122.513 0.0305866
4.89779e+21  6.21098 4.97696  123.479 0.0307638
4.7863e+21  5.96503 5.00566  126.988 0.03038
4.67735e+21  6.08744 4.87764  120.214 0.0311855
4.57088e+21  6.16034 4.73548  122.334 0.0302463
4.46684e+21  5.94198 4.74726  121.556 0.0313537
4.36516e+21  6.09321 4.7846  124.35 0.0299263
4.2658e+21  5.80698 4.60824  120.947 0.0301174
4.16869e+21  5.7479 4.60117  121.45 0.0299578
4.0738e+21  5.91782 4.46621  124.118 0.0310414
3.98107e+21  5.87926 4.44945  119.461 0.0304985
3.89045e+21  5.87066 4.35363  118.825 0.0315867
3.80189e+21  5.93025 4.37307  123.537 0.0307772
3.71535e+21  5.92119 4.23845  121.663 0.0304766
3.63078e+21  5.73746 4.2251  121.437 0.0311741
3.54813e+21  5.88362 4.24279  123.43 0.0309915
3.46737e+21  5.64659 4.21826  123.434 0.0311963
3.38844e+21  5.86739 4.13489  122.896 0.0310594
3.31131e+21  5.71227 4.09471  124.012 0.0314374
3.23594e+21  5.59154 4.0098  123.802 0.0308635
3.16228e+21  5.8417 3.86344  118.58 0.0315221
3.0903e+21  5.49425 3.99224  122.265 0.0318073
3.01995e+21  5.67888 3.86558  122.472 0.0316444
2.95121e+21  5.50777 3.75095  124.48 0.0324792
2.88403e+21  5.62982 3.71554  120.08 0.0321276
2.81838e+21  5.59488 3.65533  122.147 0.032207
2.75423e+21  5.69522 3.69918  122.301 0.0322808
2.69153e+21  5.52717 3.65528  123.514 0.0317632
2.63027e+21  5.67196 3.57495  119.168 0.0328885
2.5704e+21  5.56594 3.43777  126.103 0.0319487
2.51189e+21  5.66045 3.52381  119.407 0.0321276
2.45471e+21  5.5646 3.47569  121.404 0.030976
2.39883e+21  5.47207 3.39463  125.704 0.0317462
2.34423e+21  5.65197 3.24906  121.967 0.0309338
2.29087e+21  5.66745 3.29366  119.043 0.0315213
2.23872e+21  5.59507 3.22624  124.303 0.0321421
2.18776e+21  5.38422 3.20931  123.814 0.0326348
2.13796e+21  5.51107 3.19136  122.425 0.0330602
2.0893e+21  5.55241 3.11175  123.076 0.0324846
2.04174e+21  5.54549 3.09414  122.021 0.0325073
1.99526e+21  5.49011 3.08706  121.351 0.0319482
1.94984e+21  5.5776 2.99609  121.572 0.0318402
1.90546e+21  5.51695 3.04207  125.975 0.032464
1.86209e+21  5.58582 2.96905  121.802 0.0322276
1.8197e+21  5.59247 2.96819  122.743 0.0325645
1.77828e+21  5.6416 2.89239  119.073 0.0326804
1.7378e+21  5.53031 2.88515  121.307 0.0335311
1.69824e+21  5.71052 2.86474  121.331 0.0331221
1.65959e+21  5.59041 2.8658  119.241 0.0326981
1.62181e+21  5.60785 2.82227  122.779 0.0325763
1.58489e+21  5.51502 2.75908  119.902 0.0326714
1.54882e+21  5.77825 2.73766  119.806 0.0332834
1.51356e+21  5.49989 2.71138  123.871 0.0322025
1.47911e+21  5.68518 2.70948  123.249 0.0326794
1.44544e+21  5.71416 2.6462  123.454 0.0340954
1.41254e+21  5.59048 2.58483  122.669 0.0330134
1.38038e+21  5.79534 2.61202  121.73 0.0336272
1.34896e+21  5.66003 2.50094  120.725 0.0341227
1.31826e+21  5.76062 2.53671  125.483 0.0331903
1.28825e+21  5.72831 2.50306  119.499 0.034821
1.25893e+21  5.68962 2.46094  122.326 0.0335755
1.23027e+21  5.76829 2.47367  124.433 0.0341764
1.20226e+21  5.66355 2.41811  124.315 0.0334847
1.1749e+21  5.78711 2.3769  123.513 0.0338775
1.14815e+21  5.78059 2.33166  123.981 0.0336153
1.12202e+21  5.72412 2.35673  122.302 0.0345392
1.09648e+21  5.97937 2.30713  122.488 0.0342704
1.07152e+21  5.87595 2.27183  122.922 0.0340318
1.04713e+21  5.76436 2.27952  120.089 0.0341655
1.02329e+21  5.86314 2.23557  122.745 0.0333303
1e+21  5.92757 2.20804  121.059 0.0339772
9.77237e+20  5.95125 2.17929  119.671 0.0344389
9.54993e+20  6.06747 2.1372  122.544 0.0329121
9.33254e+20  5.88934 2.14443  123.998 0.0343161
9.12011e+20  5.8394 2.13041  119.096 0.0346333
8.91251e+20  5.94861 2.12227  120.463 0.034992
8.70964e+20  6.2063 2.09259  123.368 0.0346649
8.51138e+20  6.30575 2.08027  122.186 0.0347458
8.31764e+20  6.09967 2.08541  123.556 0.0352765
8.12831e+20  6.19453 2.06606  125.159 0.0341481
7.94328e+20  6.00466 2.08174  120.595 0.0340883
7.76247e+20  6.04247 2.01523  123.456 0.0360699
7.58578e+20  6.00409 1.94513  121.356 0.0348426
7.4131e+20  6.12958 1.9236  119.565 0.0360819
7.24436e+20  6.37126 1.89216  122.657 0.0348974
7.07946e+20  6.27205 1.91245  120.78 0.0351617
6.91831e+20  6.29629 1.90707  121.243 0.0358879
6.76083e+20  6.22625 1.9185  122.24 0.0344355
6.60693e+20  6.36696 1.84525  122.876 0.0350808
6.45654e+20  6.42855 1.84326  122.247 0.0351762
6.30957e+20  6.48982 1.86775  123.204 0.0365755
6.16595e+20  6.4128 1.79569  121.109 0.0370129
6.0256e+20  6.6013 1.81977  126.752 0.0361145
5.88844e+20  6.30481 1.74666  120.981 0.0361043
5.7544e+20  6.36896 1.80085  121.431 0.0359779
5.62341e+20  6.60159 1.72964  122.7 0.0368477
5.49541e+20  6.48868 1.75064  118.909 0.0359758
5.37032e+20  6.88619 1.70593  121.324 0.0365501
5.24807e+20  6.6293 1.69326  121.384 0.0366564
5.12861e+20  6.61678 1.67867  121.242 0.0362568
5.01187e+20  6.64262 1.6622  125.549 0.0362564
4.89779e+20  6.68093 1.69294  119.022 0.0361183
4.7863e+20  6.88544 1.61355  122.951 0.0368136
4.67735e+20  6.71554 1.64594  124.314 0.036755
4.57088e+20  6.92359 1.57197  124.269 0.0384297
4.46684e+20  6.93204 1.60968  126.032 0.0374651
4.36516e+20  7.05594 1.6114  120.354 0.0363941
4.2658e+20  7.23063 1.58225  124.069 0.0369908
4.16869e+20  7.0724 1.54944  121.535 0.0372957
4.0738e+20  7.04821 1.57381  120.891 0.0361457
3.98107e+20  7.05914 1.52968  121.855 0.0372816
3.89045e+20  7.09634 1.55583  125.488 0.0368414
3.80189e+20  7.45454 1.48121  118.481 0.0371671
3.71535e+20  7.3883 1.47178  120.649 0.0374616
3.63078e+20  7.12234 1.49912  121.402 0.0376279
3.54813e+20  7.23167 1.45986  125.02 0.037743
3.46737e+20  7.43794 1.46577  126.074 0.0378572
3.38844e+20  7.46288 1.44762  124.308 0.0381727
3.31131e+20  7.51568 1.44759  122.673 0.0377906
3.23594e+20  7.51764 1.42682  120.25 0.0371223
3.16228e+20  7.32695 1.40378  123.005 0.037468
3.0903e+20  7.70351 1.42039  122.117 0.0377347
3.01995e+20  7.54257 1.37716  123.745 0.0382837
2.95121e+20  7.55467 1.3768  119.684 0.0389183
2.88403e+20  7.66791 1.35602  122.521 0.0376864
2.81838e+20  7.86465 1.35893  126.023 0.0381742
2.75423e+20  7.54402 1.32963  124.225 0.0388159
2.69153e+20  7.69357 1.32932  122.747 0.0375768
2.63027e+20  7.86656 1.30303  122.779 0.0370502
2.5704e+20  8.19912 1.29063  124.663 0.038971
2.51189e+20  7.78231 1.28415  121.489 0.0391069
2.45471e+20  8.02916 1.32236  121.144 0.0388837
2.39883e+20  8.01995 1.29255  120.741 0.0401847
2.34423e+20  8.15466 1.28786  126.423 0.0386309
2.29087e+20  7.80572 1.23965  120.789 0.0391322
2.23872e+20  8.0722 1.27482  120.723 0.0386898
2.18776e+20  8.19874 1.26896  122.886 0.0393927
2.13796e+20  8.26841 1.23026  122.143 0.0391527
2.0893e+20  8.14192 1.15472  120.633 0.0397299
2.04174e+20  8.22382 1.25599  121.976 0.0382394
1.99526e+20  8.07041 1.18009  120.97 0.0400246
1.94984e+20  8.18159 1.20486  125.368 0.0390164
1.90546e+20  8.35803 1.18861  121.671 0.038662
1.86209e+20  8.31262 1.18055  121.089 0.0396905
1.8197e+20  8.30002 1.19254  120.21 0.0383203
1.77828e+20  8.63377 1.13927  120.667 0.0396351
1.7378e+20  8.48742 1.15425  120.26 0.0406099
1.69824e+20  8.41672 1.15225  120.087 0.0399715
1.65959e+20  8.51421 1.07821  119.695 0.0398952
1.62181e+20  8.58509 1.12933  125.083 0.0399272
1.58489e+20  8.53142 1.10824  119.468 0.0403584
1.54882e+20  8.44064 1.11014  119.153 0.0414949
1.51356e+20  8.73745 1.07937  120.753 0.0411168
1.47911e+20  8.67286 1.10071  121.939 0.0403411
1.44544e+20  8.59215 1.1159  125.005 0.040354
1.41254e+20  8.66716 1.08355  122.464 0.0408408
1.38038e+20  8.55279 1.04567  122.47 0.0418274
1.34896e+20  8.67516 1.0844  121.83 0.0417975
1.31826e+20  8.5511 1.0757  123.515 0.0405335
1.28825e+20  8.69744 1.06245  127.736 0.0408567
1.25893e+20  8.74142 1.00623  121.288 0.0406629
1.23027e+20  8.54574 1.03646  123.086 0.0415477
1.20226e+20  8.69666 1.05991  121.164 0.0423548
1.1749e+20  8.6712 1.04252  122.419 0.042039
1.14815e+20  8.49409 1.03981  120.473 0.0408387
1.12202e+20  8.64074 1.00331  122.358 0.0413244
1.09648e+20  8.79175 0.996545  121.958 0.0410842
1.07152e+20  8.69527 0.965971  123.959 0.0418902
1.04713e+20  8.76137 0.994316  121.092 0.0408936
1.02329e+20  8.59419 1.00029  122.521 0.0427678
1e+20  8.76459 0.976937  124.741 0.0421476
9.77237e+19  8.59814 0.947798  121.796 0.0415424
9.54993e+19  8.61068 0.967636  120.083 0.0428896
9.33254e+19  8.60133 0.977993  123.184 0.0424833
9.12011e+19  8.65598 0.939793  122.16 0.0421
8.91251e+19  8.52067 0.926145  119.766 0.042853
8.70964e+19  8.53858 0.907284  121.394 0.041522
8.51138e+19  8.60813 0.959816  119.154 0.0425971
8.31764e+19  8.40632 0.925365  119.691 0.0420146
8.12831e+19  8.43897 0.916538  126.023 0.0424085
7.94328e+19  8.43017 0.894264  121.958 0.0426796
7.76247e+19  8.30883 0.887006  123.747 0.0432652
7.58578e+19  8.25482 0.929586  120.685 0.0427717
7.4131e+19  8.21371 0.902192  119.222 0.0445819
7.24436e+19  8.28769 0.869861  120.832 0.0419398
7.07946e+19  8.30568 0.907219  121.122 0.0427769
6.91831e+19  8.14443 0.886034  124.952 0.0450924
6.76083e+19  7.92186 0.877373  120.696 0.0436036
6.60693e+19  8.11153 0.86729  123.496 0.0421632
6.45654e+19  8.05079 0.873868  120.024 0.0431424
6.30957e+19  7.87303 0.869566  122.091 0.0440896
6.16595e+19  7.83625 0.865619  123.225 0.0432859
6.0256e+19  7.86637 0.858599  122.734 0.0444285
5.88844e+19  7.88554 0.83341  123.414 0.0446962
5.7544e+19  7.77777 0.882603  121.119 0.0439558
5.62341e+19  7.61968 0.819306  122.173 0.0451431
5.49541e+19  7.36137 0.852295  120.428 0.0433152
5.37032e+19  7.34697 0.855196  123.51 0.0450631
5.24807e+19  7.41413 0.821181  123.899 0.0455496
5.12861e+19  7.38643 0.799704  126.979 0.0446062
5.01187e+19  7.18901 0.848735  121.255 0.0452889
4.89779e+19  7.16558 0.811337  125.169 0.0441331
4.7863e+19  7.25858 0.83401  120.213 0.0443329
4.67735e+19  7.04822 0.813468  119.769 0.0459164
4.57088e+19  6.91395 0.836822  125.84 0.0461313
4.46684e+19  6.88449 0.811306  123.529 0.0458681
4.36516e+19  6.77505 0.783135  123.984 0.0456074
4.2658e+19  6.59241 0.806736  124.759 0.045752
4.16869e+19  6.66823 0.80191  123.193 0.0458271
4.0738e+19  6.55039 0.78175  123.624 0.0464837
3.98107e+19  6.43515 0.797658  123.703 0.04694
3.89045e+19  6.48546 0.742697  123.085 0.0455106
3.80189e+19  6.4495 0.753379  122.318 0.0436569
3.71535e+19  6.28088 0.756844  123.648 0.046057
3.63078e+19  6.2236 0.788503  123.355 0.0468326
3.54813e+19  6.12773 0.764702  120.846 0.0461888
3.46737e+19  6.08378 0.746408  120.503 0.0469058
3.38844e+19  5.96685 0.740805  123.444 0.0466736
3.31131e+19  5.92536 0.763809  121.723 0.0468565
3.23594e+19  5.78588 0.742916  118.02 0.0472131
3.16228e+19  5.69936 0.733413  123.242 0.0470511
3.0903e+19  5.61047 0.752892  123.175 0.0466966
3.01995e+19  5.55637 0.729777  124.027 0.0468889
2.95121e+19  5.49333 0.710943  121.892 0.0478761
2.88403e+19  5.32077 0.738016  120.475 0.0482124
2.81838e+19  5.2138 0.681885  119.073 0.0487709
2.75423e+19  5.18688 0.714294  120.197 0.0475422
2.69153e+19  5.18469 0.69304  123.67 0.048233
2.63027e+19  5.12507 0.679023  123.593 0.0478669
2.5704e+19  4.9486 0.689315  122.186 0.0484658
2.51189e+19  4.81816 0.67938  120.55 0.0479921
2.45471e+19  4.83681 0.686298  120.508 0.0485676
2.39883e+19  4.72169 0.697913  127.252 0.0496351
2.34423e+19  4.68392 0.682215  119.945 0.0488376
2.29087e+19  4.62991 0.671048  124.244 0.0486467
2.23872e+19  4.4663 0.674327  123.764 0.0495511
2.18776e+19  4.45548 0.713583  124.114 0.0489617
2.13796e+19  4.42086 0.711664  121.555 0.0492033
2.0893e+19  4.29714 0.681108  122.448 0.0478429
2.04174e+19  4.21934 0.647762  122.836 0.0485545
1.99526e+19  4.19109 0.664977  121.842 0.0491428
1.94984e+19  4.07426 0.679479  124.004 0.05012
1.90546e+19  3.97943 0.652499  124.009 0.0494575
1.86209e+19  3.93744 0.673362  121.681 0.0497141
1.8197e+19  3.86961 0.664592  124.24 0.0507049
1.77828e+19  3.80353 0.676049  120.055 0.0493276
1.7378e+19  3.71307 0.634252  122.153 0.0503526
1.69824e+19  3.72677 0.653388  123.407 0.0502085
1.65959e+19  3.6038 0.654543  119.739 0.0499748
1.62181e+19  3.5207 0.660486  122.985 0.0516189
1.58489e+19  3.52319 0.627371  121.884 0.0485848
1.54882e+19  3.43112 0.652006  120.893 0.0508363
1.51356e+19  3.34314 0.611702  120.985 0.051071
1.47911e+19  3.3207 0.638052  123.006 0.0510654
1.44544e+19  3.27831 0.648517  124.877 0.0514111
1.41254e+19  3.22856 0.598348  124.092 0.0507552
1.38038e+19  3.13605 0.641174  122.325 0.0523305
1.34896e+19  3.08059 0.584998  124.432 0.051646
1.31826e+19  3.00657 0.583925  122.366 0.0512232
1.28825e+19  2.97122 0.651865  124.634 0.0518647
1.25893e+19  2.89101 0.619384  122.778 0.0521789
1.23027e+19  2.86238 0.599885  120.546 0.0521023
1.20226e+19  2.80062 0.564565  121.008 0.0532126
1.1749e+19  2.75308 0.587496  121.468 0.0536981
1.14815e+19  2.72337 0.609218  121.867 0.0521605
1.12202e+19  2.65729 0.622646  120.643 0.0535717
1.09648e+19  2.58016 0.580051  122.026 0.0523359
1.07152e+19  2.57401 0.599171  121.014 0.053278
1.04713e+19  2.4939 0.597701  123.629 0.0530612
1.02329e+19  2.45808 0.601863  123.923 0.0550962
1e+19  2.40516 0.599225  125.451 0.0546987
9.77237e+18  2.36751 0.591804  122.675 0.0535901
9.54993e+18  2.30471 0.585341  119.392 0.0540344
9.33254e+18  2.27976 0.534345  120.078 0.0531351
9.12011e+18  2.24676 0.587065  120.473 0.0540255
8.91251e+18  2.16992 0.587865  124.083 0.0533779
8.70964e+18  2.12343 0.553145  122.929 0.0544679
8.51138e+18  2.15404 0.53975  122.924 0.0540515
8.31764e+18  2.09283 0.536339  122.764 0.05524
8.12831e+18  2.0413 0.577553  125.047 0.0548424
7.94328e+18  1.9955 0.527723  123.968 0.0554206
7.76247e+18  1.9223 0.574348  122.568 0.0553226
7.58578e+18  1.89372 0.566953  120.086 0.0548443
7.4131e+18  1.88038 0.519611  120.521 0.0567976
7.24436e+18  1.81344 0.520395  122.198 0.0554691
7.07946e+18  1.80034 0.535857  120.748 0.0549313
6.91831e+18  1.78741 0.592145  123.506 0.0575557
6.76083e+18  1.73279 0.561108  122.926 0.0571731
6.60693e+18  1.67795 0.529814  122.673 0.0558784
6.45654e+18  1.62473 0.518577  123.063 0.0571147
6.30957e+18  1.63375 0.486663  124.695 0.0559728
6.16595e+18  1.60642 0.518677  121.745 0.0564576
6.0256e+18  1.54912 0.528771  122.733 0.0576162
5.88844e+18  1.53236 0.493389  122.004 0.0584076
5.7544e+18  1.51403 0.540575  123.383 0.0571567
5.62341e+18  1.48531 0.520783  119.568 0.0570594
5.49541e+18  1.43977 0.487242  120.893 0.0574289
5.37032e+18  1.39961 0.473856  123.37 0.0575682
5.24807e+18  1.40289 0.47871  123.506 0.058028
5.12861e+18  1.36688 0.501746  122.288 0.0585343
5.01187e+18  1.35882 0.460244  122.557 0.0575032
4.89779e+18  1.31866 0.500706  123.255 0.059327
4.7863e+18  1.31889 0.451697  125.022 0.0583661
4.67735e+18  1.26196 0.514549  121.154 0.058728
4.57088e+18  1.21782 0.466815  122.487 0.0587715
4.46684e+18  1.19713 0.488219  123.095 0.059832
4.36516e+18  1.21119 0.460179  121.418 0.0583559
4.2658e+18  1.18773 0.474204  124.778 0.0596971
4.16869e+18  1.14738 0.460013  120.301 0.0579714
4.0738e+18  1.13373 0.507701  120.803 0.0585854
3.98107e+18  1.11448 0.470251  123.637 0.0604248
3.89045e+18  1.07344 0.497242  124.538 0.0605029
3.80189e+18  1.06 0.459156  120.793 0.059605
3.71535e+18  1.02821 0.455435  122.874 0.0629035
3.63078e+18  1.01485 0.441889  123.664 0.0597841
3.54813e+18  1.00426 0.461418  123.012 0.0612422
3.46737e+18  0.978723 0.509154  124.833 0.0616411
3.38844e+18  0.960612 0.461423  123.643 0.0625099
3.31131e+18  0.954868 0.407702  123.905 0.0627034
3.23594e+18  0.929195 0.435627  122.069 0.0641367
3.16228e+18  0.908886 0.425111  121.907 0.0621606
3.0903e+18  0.89082 0.423233  121.441 0.0630832
3.01995e+18  0.87177 0.385962  119.124 0.0633972
2.95121e+18  0.862094 0.457963  124.308 0.0646796
2.88403e+18  0.831164 0.439921  121.823 0.0619804
2.81838e+18  0.823896 0.419292  121.962 0.0642961
2.75423e+18  0.798418 0.43402  120.588 0.0636913
2.69153e+18  0.809309 0.393141  124.545 0.0649792
2.63027e+18  0.773198 0.438873  122.997 0.0640673
2.5704e+18  0.755316 0.393718  124.177 0.0635794
2.51189e+18  0.739382 0.385554  124.216 0.0629254
2.45471e+18  0.718662 0.39637  123.248 0.0650491
2.39883e+18  0.721221 0.398291  123.117 0.0645183
2.34423e+18  0.707613 0.372554  122.71 0.066327
2.29087e+18  0.684307 0.412648  121.895 0.0668129
2.23872e+18  0.682102 0.386895  124.557 0.066396
2.18776e+18  0.656639 0.377926  121.805 0.0651568
2.13796e+18  0.644595 0.389308  124.996 0.0662637
2.0893e+18  0.64371 0.374768  120.618 0.0663108
2.04174e+18  0.635823 0.367076  120.817 0.0662122
1.99526e+18  0.595834 0.371786  124.813 0.0678947
1.94984e+18  0.607171 0.387819  122.015 0.0665901
1.90546e+18  0.588943 0.382461  120.704 0.0662489
1.86209e+18  0.571537 0.373289  123.126 0.0685069
1.8197e+18  0.557538 0.342187  121.478 0.0671385
1.77828e+18  0.555057 0.34496  123.188 0.0670409
1.7378e+18  0.54143 0.339581  122.667 0.0660607
1.69824e+18  0.534896 0.36891  124.268 0.068916
1.65959e+18  0.527445 0.307353  121.527 0.0673821
1.62181e+18  0.521196 0.381099  123.228 0.0688995
1.58489e+18  0.508455 0.370333  123.313 0.0690162
1.54882e+18  0.498044 0.341023  120.706 0.0695993
1.51356e+18  0.483797 0.344731  120.937 0.0708787
1.47911e+18  0.472449 0.330568  123.092 0.0696353
1.44544e+18  0.467259 0.350638  122.411 0.0694466
1.41254e+18  0.454318 0.308467  121.685 0.071719
1.38038e+18  0.447149 0.353589  122.742 0.0721432
1.34896e+18  0.438637 0.309173  121.465 0.0710841
1.31826e+18  0.430022 0.329999  121.503 0.0704005
1.28825e+18  0.412581 0.34729  123.326 0.0719338
1.25893e+18  0.418727 0.329751  124.491 0.0734503
1.23027e+18  0.407517 0.314982  121.851 0.0712631
1.20226e+18  0.403022 0.266467  119.771 0.072943
1.1749e+18  0.393385 0.300978  122.657 0.0738285
1.14815e+18  0.382016 0.327185  122.589 0.0719989
1.12202e+18  0.375319 0.260025  123.934 0.0716397
1.09648e+18  0.36162 0.266551  123.169 0.0757442
1.07152e+18  0.367633 0.279478  119.358 0.0745271
1.04713e+18  0.35523 0.242672  121.655 0.0748607
1.02329e+18  0.350088 0.281839  122.685 0.0751964
1e+18  0.338724 0.281965  123.458 0.075115
9.77237e+17  0.336809 0.2826  123.481 0.0751909
9.54993e+17  0.327601 0.267774  123.444 0.076228
9.33254e+17  0.32811 0.277216  122.176 0.0773847
9.12011e+17  0.313086 0.242259  121.785 0.076026
8.91251e+17  0.311184 0.273118  121.833 0.0775519
8.70964e+17  0.304624 0.264342  122.272 0.0780925
8.51138e+17  0.300318 0.268508  121.329 0.0756565
8.31764e+17  0.289103 0.249208  120.327 0.0776292
8.12831e+17  0.285879 0.269534  121.956 0.0764049
7.94328e+17  0.28063 0.280818  124.199 0.0776867
7.76247e+17  0.272564 0.247373  122.055 0.0782202
7.58578e+17  0.273971 0.235429  123.723 0.0779599
7.4131e+17  0.266565 0.235868  120.886 0.0796377
7.24436e+17  0.262904 0.215033  122.849 0.0784262
7.07946e+17  0.256196 0.246805  125.584 0.0795051
6.91831e+17  0.250913 0.221947  121.134 0.0803749
6.76083e+17  0.250822 0.244438  124.272 0.0806958
6.60693e+17  0.239513 0.226048  119.362 0.0813962
6.45654e+17  0.239745 0.233636  121.228 0.0817032
6.30957e+17  0.230079 0.238509  122.45 0.0804804
6.16595e+17  0.231339 0.228041  120.469 0.0831691
6.0256e+17  0.223859 0.241171  123.973 0.0816512
5.88844e+17  0.220874 0.235877  121.727 0.0830331
5.7544e+17  0.214274 0.184663  121.298 0.0809925
5.62341e+17  0.212277 0.209507  122.46 0.0834221
5.49541e+17  0.2069 0.190693  122.664 0.080395
5.37032e+17  0.204147 0.218032  122.114 0.0859327
5.24807e+17  0.20179 0.214637  123.155 0.0848043
5.12861e+17  0.19374 0.176436  120.366 0.0849889
5.01187e+17  0.190833 0.21602  119.131 0.0844888
4.89779e+17  0.1894 0.219822  120.026 0.0871609
4.7863e+17  0.188915 0.188252  122.676 0.088118
4.67735e+17  0.180264 0.186753  123.97 0.0853021
4.57088e+17  0.180211 0.211429  121.367 0.0916659
4.46684e+17  0.177423 0.188634  126.927 0.0862683
4.36516e+17  0.171553 0.182751  121.28 0.0877691
4.2658e+17  0.167737 0.170174  122.284 0.0862916
4.16869e+17  0.164302 0.181152  123.371 0.0897104
4.0738e+17  0.160559 0.17724  120.415 0.087051
3.98107e+17  0.158376 0.178683  122.064 0.0873738
3.89045e+17  0.156363 0.177149  124.515 0.0890526
3.80189e+17  0.153401 0.153862  121.36 0.0892323
3.71535e+17  0.150093 0.16541  120.998 0.0884133
3.63078e+17  0.147629 0.180206  124.164 0.0872528
3.54813e+17  0.145451 0.169062  122.122 0.0926923
3.46737e+17  0.143724 0.156967  123.148 0.0914575
3.38844e+17  0.140907 0.161379  123.553 0.0902918
3.31131e+17  0.136532 0.148342  123.58 0.0916285
3.23594e+17  0.135051 0.153515  121.638 0.0926308
3.16228e+17  0.131648 0.168958  120.912 0.0927021
3.0903e+17  0.129866 0.157013  121.672 0.0951242
3.01995e+17  0.125973 0.154092  122.083 0.094327
2.95121e+17  0.124236 0.151425  120.77 0.0962444
2.88403e+17  0.121567 0.153242  123.227 0.0955396
2.81838e+17  0.121039 0.141307  121.822 0.0921167
2.75423e+17  0.119321 0.142218  123.309 0.0953971
2.69153e+17  0.117542 0.130427  120.62 0.0994739
2.63027e+17  0.114856 0.138416  124.581 0.0976166
2.5704e+17  0.111956 0.143647  123.316 0.0959278
2.51189e+17  0.109782 0.139367  122.646 0.0996696
2.45471e+17  0.109542 0.130738  121.638 0.100936
2.39883e+17  0.106845 0.134769  121.233 0.100539
2.34423e+17  0.101992 0.134889  126.418 0.10164
2.29087e+17  0.101031 0.13162  122.982 0.100672
2.23872e+17  0.0993848 0.12348  122.484 0.100635
2.18776e+17  0.0999686 0.121984  121.363 0.101073
2.13796e+17  0.097205 0.117191  125.051 0.102207
2.0893e+17  0.0951224 0.110233  121.04 0.102575
2.04174e+17  0.0926786 0.115385  121.486 0.101719
1.99526e+17  0.0928266 0.110531  123.027 0.105543
1.94984e+17  0.0899649 0.116795  123.005 0.10483
1.90546e+17  0.0888837 0.109689  121.01 0.102908
1.86209e+17  0.0861684 0.103967  122.301 0.105494
1.8197e+17  0.0852563 0.107252  122.469 0.10634
1.77828e+17  0.0843155 0.0979056  121.321 0.107248
1.7378e+17  0.0820468 0.102813  120.898 0.10648
1.69824e+17  0.0803523 0.108585  122.35 0.107056
1.65959e+17  0.0797718 0.100181  122.298 0.107077
1.62181e+17  0.0788441 0.0985404  121.3 0.107661
1.58489e+17  0.0766024 0.097264  121.689 0.107143
1.54882e+17  0.0754659 0.0944583  121.712 0.108538
1.51356e+17  0.0732235 0.0971668  120.955 0.107558
1.47911e+17  0.0731993 0.0921022  121.838 0.112443
1.44544e+17  0.0699801 0.0947143  118.591 0.110467
1.41254e+17  0.0705755 0.0847554  123.612 0.112285
1.38038e+17  0.0689407 0.0928083  124.405 0.114045
1.34896e+17  0.0666234 0.0876718  124.271 0.114584
1.31826e+17  0.0658026 0.0887999  122.525 0.11669
1.28825e+17  0.0640863 0.0896817  122.24 0.114382
1.25893e+17  0.0643666 0.0894148  121.673 0.119494
1.23027e+17  0.0625987 0.0735441  127.694 0.116345
1.20226e+17  0.0609023 0.0798937  119.581 0.113466
1.1749e+17  0.0608774 0.0741804  122.591 0.117057
1.14815e+17  0.0597231 0.0750992  122.592 0.119516
1.12202e+17  0.0580149 0.0802071  124.091 0.116467
1.09648e+17  0.0575313 0.0742395  121.569 0.122908
1.07152e+17  0.0560336 0.0753248  124.15 0.122275
1.04713e+17  0.0551115 0.0750805  122.496 0.122088
1.02329e+17  0.0545719 0.066234  123.538 0.123468
1e+17  0.0529417 0.0720305  123.227 0.119191
9.77237e+16  0.0515027 0.070083  122.558 0.124202
9.54993e+16  0.0528708 0.0731627  124.311 0.128643
9.33254e+16  0.0515941 0.0629242  120.662 0.125937
9.12011e+16  0.0484028 0.0619043  122.935 0.126651
8.91251e+16  0.049712 0.0611353  123.67 0.129928
8.70964e+16  0.048202 0.0638591  123.415 0.126384
8.51138e+16  0.0469267 0.0633615  120.488 0.130005
8.31764e+16  0.0463985 0.0606171  123.761 0.129976
8.12831e+16  0.0461671 0.0621853  122.722 0.128298
7.94328e+16  0.0446201 0.0615758  121.938 0.132936
7.76247e+16  0.0442477 0.0565733  122.607 0.132068
7.58578e+16  0.0434925 0.0550747  124.306 0.135088
7.4131e+16  0.0431008 0.0575341  122.432 0.135469
7.24436e+16  0.0412845 0.0574862  120.688 0.137095
7.07946e+16  0.0414055 0.0542451  123.912 0.137329
6.91831e+16  0.0405386 0.0526647  120.433 0.137742
6.76083e+16  0.0396447 0.0551385  119.917 0.137676
6.60693e+16  0.0393325 0.0536525  123.434 0.141055
6.45654e+16  0.0389206 0.0554867  117.925 0.139557
6.30957e+16  0.0380234 0.0512869  120.737 0.137403
6.16595e+16  0.0377846 0.0516686  125.263 0.140236
6.0256e+16  0.0367265 0.0500964  120.307 0.144871
5.88844e+16  0.036726 0.0498022  121.49 0.147942
5.7544e+16  0.0356923 0.0456018  120.502 0.144991
5.62341e+16  0.0349438 0.04781  123.892 0.145882
5.49541e+16  0.0344862 0.0457837  122.696 0.148978
5.37032e+16  0.0333992 0.0485482  124.803 0.144264
5.24807e+16  0.0334027 0.0463607  123.955 0.149965
5.12861e+16  0.0326157 0.0413723  122.4 0.148855
5.01187e+16  0.0320721 0.0402943  124.291 0.152362
4.89779e+16  0.0315683 0.0421126  123.184 0.154724
4.7863e+16  0.0310748 0.040647  124.717 0.156297
4.67735e+16  0.0305338 0.0411881  123.66 0.158869
4.57088e+16  0.0298123 0.040971  122.939 0.160952
4.46684e+16  0.0299738 0.0387392  125.063 0.158122
4.36516e+16  0.0290057 0.0401243  126.554 0.157926
4.2658e+16  0.0282865 0.0397477  126.167 0.159618
4.16869e+16  0.028246 0.0374558  124.036 0.163393
4.0738e+16  0.0272997 0.0362016  125.393 0.171211
3.98107e+16  0.0267189 0.0378505  121.816 0.163859
3.89045e+16  0.0268863 0.0377734  126.283 0.164413
3.80189e+16  0.0259291 0.0357594  124.136 0.166255
3.71535e+16  0.0260887 0.0348547  124.56 0.172332
3.63078e+16  0.0256168 0.0342515  125.869 0.172091
3.54813e+16  0.0251034 0.0351247  126.757 0.172305
3.46737e+16  0.0243489 0.0325535  124.567 0.172589
3.38844e+16  0.0241312 0.0331164  125.945 0.177547
3.31131e+16  0.0237403 0.0318012  124.561 0.176282
3.23594e+16  0.0235151 0.0323024  124.484 0.178824
3.16228e+16  0.0232122 0.0323534  125.624 0.185171
3.0903e+16  0.0226258 0.0307155  129.249 0.18601
3.01995e+16  0.02265 0.0287902  125.067 0.185496
2.95121e+16  0.0223837 0.030063  126.105 0.190885
2.88403e+16  0.0212482 0.0292875  123.807 0.189567
2.81838e+16  0.0213357 0.0290177  128.799 0.191058
2.75423e+16  0.0210161 0.0291099  127.305 0.192004
2.69153e+16  0.020951 0.0291452  126.456 0.191294
2.63027e+16  0.0207757 0.0272521  128.326 0.194916
2.5704e+16  0.0206818 0.0259925  125.082 0.197557
2.51189e+16  0.0195331 0.0271244  127.517 0.19668
2.45471e+16  0.0196091 0.0263754  129.102 0.202303
2.39883e+16  0.0194391 0.0253668  128.531 0.206966
2.34423e+16  0.0191746 0.0256476  124.304 0.208552
2.29087e+16  0.0186211 0.0247202  126.052 0.205257
2.23872e+16  0.0184348 0.0249079  124.935 0.212139
2.18776e+16  0.0181932 0.0243688  131.356 0.213984
2.13796e+16  0.0179454 0.0228724  125.717 0.214489
2.0893e+16  0.0177223 0.0238565  129.401 0.216493
2.04174e+16  0.0175354 0.0236964  126.397 0.220854
1.99526e+16  0.0171639 0.0233019  132.213 0.218738
1.94984e+16  0.016556 0.0223016  133.011 0.224709
1.90546e+16  0.0164958 0.0217364  130.626 0.224866
1.86209e+16  0.0164455 0.0205003  129.115 0.232374
1.8197e+16  0.0161767 0.0198248  128.654 0.237216
1.77828e+16  0.0160299 0.0210235  131.422 0.236872
1.7378e+16  0.0156912 0.0208368  130.4 0.233033
1.69824e+16  0.0153776 0.020086  134.342 0.239802
1.65959e+16  0.0151057 0.0202072  134.682 0.247846
1.62181e+16  0.0150156 0.0181196  134.667 0.241199
1.58489e+16  0.0148425 0.0198837  132.853 0.248594
1.54882e+16  0.0145292 0.0183952  130.643 0.255528
1.51356e+16  0.0144987 0.0188918  135.798 0.254979
1.47911e+16  0.0142329 0.017954  132.772 0.262405
1.44544e+16  0.0141635 0.0181203  135.115 0.261082
1.41254e+16  0.0137431 0.018069  136.033 0.268649
1.38038e+16  0.0135524 0.0181068  132.846 0.272787
1.34896e+16  0.0133595 0.0174727  136.941 0.26733
1.31826e+16  0.0131609 0.0173291  134.574 0.279636
1.28825e+16  0.0130907 0.0170417  142.003 0.279901
1.25893e+16  0.0129656 0.0163534  138.353 0.285717
1.23027e+16  0.0129 0.0165547  136.477 0.295069
1.20226e+16  0.0127622 0.0164318  139.741 0.303834
1.1749e+16  0.0124095 0.0158816  139.59 0.296722
1.14815e+16  0.012373 0.015469  145.179 0.300139
1.12202e+16  0.012343 0.0154589  144.551 0.308228
1.09648e+16  0.0118695 0.0148343  144.207 0.314321
1.07152e+16  0.0118121 0.015425  141.346 0.317275
1.04713e+16  0.0118805 0.0150348  144.393 0.314575
1.02329e+16  0.011657 0.0147945  146.439 0.326227
1e+16  0.0114708 0.0140548  145.901 0.32746
9.77237e+15  0.0114514 0.0144961  145.958 0.332159
9.54993e+15  0.011289 0.0136728  149.831 0.332245
9.33254e+15  0.0110123 0.0137249  149.917 0.338216
9.12011e+15  0.0108429 0.013455  149.265 0.353951
8.91251e+15  0.0106735 0.0133281  152.604 0.365318
8.70964e+15  0.010733 0.0131639  154.701 0.3546
8.51138e+15  0.0104823 0.0128037  154.153 0.369112
8.31764e+15  0.0105726 0.0127775  156.01 0.384549
8.12831e+15  0.0105328 0.0124738  156.674 0.388654
7.94328e+15  0.0103315 0.0123367  160.962 0.381535
7.76247e+15  0.00997584 0.0121522  160.656 0.405582
7.58578e+15  0.0101065 0.0119988  163.235 0.402214
7.4131e+15  0.0099263 0.011698  164.879 0.411639
7.24436e+15  0.00987184 0.0116046  162.965 0.431979
7.07946e+15  0.00959529 0.0115198  171.327 0.420985
6.91831e+15  0.00969685 0.0114264  167.693 0.441376
6.76083e+15  0.00949819 0.0102133  170.709 0.448286
6.60693e+15  0.00923651 0.0108575  170.875 0.448137
6.45654e+15  0.00932682 0.00976607  176.915 0.481745
6.30957e+15  0.00924488 0.0106623  175.264 0.47196
6.16595e+15  0.00910318 0.0104412  178.838 0.483325
6.0256e+15  0.00913066 0.0105387  181.745 0.502132
5.88844e+15  0.00893777 0.0100491  185.392 0.493267
5.7544e+15  0.00900245 0.00999475  192.22 0.509723
5.62341e+15  0.00867094 0.00985095  193.848 0.514946
5.49541e+15  0.00868046 0.0097241  195.317 0.533742
5.37032e+15  0.00877742 0.00947569  198.457 0.536202
5.24807e+15  0.00865852 0.00958852  204.011 0.557803
5.12861e+15  0.00840976 0.00889005  207.958 0.564221
5.01187e+15  0.00834241 0.00922713  206.974 0.59716
4.89779e+15  0.0084169 0.00879547  210.752 0.628322
4.7863e+15  0.00830865 0.00904976  221.587 0.608791
4.67735e+15  0.00827625 0.00830479  217.416 0.626013
4.57088e+15  0.00824016 0.00907948  218.94 0.665698
4.46684e+15  0.0082081 0.0086311  227.779 0.674152
4.36516e+15  0.00816162 0.00864131  235.668 0.689561
4.2658e+15  0.00794854 0.00818232  241.01 0.708698
4.16869e+15  0.00810915 0.00832805  248.358 0.743095
4.0738e+15  0.00815801 0.0082288  250.957 0.742982
3.98107e+15  0.00803227 0.00797153  260.371 0.751973
3.89045e+15  0.00797423 0.00784337  264.102 0.803806
3.80189e+15  0.00790566 0.00778315  271.456 0.806201
3.71535e+15  0.00766674 0.00782117  275.225 0.836063
3.63078e+15  0.00797868 0.00763198  286.134 0.859541
3.54813e+15  0.00770969 0.00742085  310.341 0.866999
3.46737e+15  0.00772571 0.00750747  306.041 0.919855
3.38844e+15  0.00774918 0.00742035  312.061 0.947363
3.31131e+15  0.0077365 0.00731883  329.228 0.992426
3.23594e+15  0.00768045 0.00708715  334.887 1.02226
3.16228e+15  0.00754775 0.00671174  346.574 1.0662
3.0903e+15  0.00743131 0.00691713  370.634 1.0567
3.01995e+15  0.00760682 0.00682489  387.736 1.11244
2.95121e+15  0.00752473 0.00688263  396.582 1.19789
2.88403e+15  0.00754137 0.0066301  412.338 1.17489
2.81838e+15  0.00753027 0.00656563  429.803 1.24624
2.75423e+15  0.00743174 0.00648639  440.704 1.29179
2.69153e+15  0.00742768 0.00642289  480.548 1.37537
2.63027e+15  0.00755215 0.00639478  485.595 1.39451
2.5704e+15  0.0075818 0.00626244  523.844 1.44461
2.51189e+15  0.00751494 0.00590982  516.797 1.48765
2.45471e+15  0.00739268 0.00608353  555.959 1.61721
2.39883e+15  0.00757806 0.00567131  600.363 1.69443
2.34423e+15  0.00744477 0.00593692  617.898 1.78645
2.29087e+15  0.00742274 0.00577613  665.13 1.76692
2.23872e+15  0.00767728 0.00591162  711.056 1.9309
2.18776e+15  0.00759218 0.00573321  730.689 2.00969
2.13796e+15  0.00754391 0.00565691  787.289 2.10106
2.0893e+15  0.00757281 0.00559788  879.895 2.21817
2.04174e+15  0.00761233 0.00552699  878.848 2.34954
1.99526e+15  0.00760042 0.00551776  987.874 2.40518
1.94984e+15  0.00776095 0.00534868  1011.77 2.50513
1.90546e+15  0.00788319 0.00528002  1147.34 2.62656
1.86209e+15  0.00778457 0.00549696  1263.27 2.70927
1.8197e+15  0.00760017 0.0052273  1313.27 3.01311
1.77828e+15  0.00782924 0.00507297  1418.75 3.02483
1.7378e+15  0.00790187 0.00510092  1526.48 3.41803
1.69824e+15  0.0080314 0.00511495  1790.52 3.58007
1.65959e+15  0.00799915 0.00494037  1739.09 3.66434
1.62181e+15  0.00822918 0.00483991  2003.65 3.92532
1.58489e+15  0.00822091 0.00484167  2159.19 4.0501
1.54882e+15  0.0086308 0.0047428  2361.67 4.42347
1.51356e+15  0.00846503 0.00480312  2634.99 4.71731
1.47911e+15  0.00862906 0.00462695  2742.63 4.90105
1.44544e+15  0.00862775 0.00460111  3037.47 5.71203
1.41254e+15  0.00855717 0.00456051  3400.14 6.05419
1.38038e+15  0.00870611 0.00444191  3782.21 6.44156
1.34896e+15  0.00878751 0.0044368  4519.89 6.955
1.31826e+15  0.00896154 0.00435918  4747.97 7.36656
1.28825e+15  0.00902987 0.00440435  5264.95 7.9524
1.25893e+15  0.0093079 0.00421251  5839.59 8.83974
1.23027e+15  0.0093598 0.00425373  6780.15 8.56219
1.20226e+15  0.00946276 0.00423077  7180.8 10.3783
1.1749e+15  0.00979378 0.00416116  8351.38 11.253
1.14815e+15  0.00986333 0.00412803  9430.32 11.493
1.12202e+15  0.00992951 0.00401746  10946.6 13.2163
1.09648e+15  0.0102314 0.00401331  12915.5 14.5302
1.07152e+15  0.0105561 0.00394289  13445.6 14.9548
1.04713e+15  0.0108645 0.00397537  16748.7 16.7271
1.02329e+15  0.010637 0.00386674  18365.9 17.84
1e+15  0.0112503 0.00386021  20825.9 19.1844
9.77237e+14  0.0115687 0.00384036  23604 22.4863
9.54993e+14  0.0116277 0.00349478  27674.8 24.641
9.33254e+14  0.0127323 0.00349171  31139.8 27.7404
9.12011e+14  0.0120291 0.00372747  34974.2 30.0351
8.91251e+14  0.0133926 0.00370177  39902.4 33.1216
8.70964e+14  0.0130545 0.00352328  47653.9 36.7367
8.51138e+14  0.0134196 0.0036764  49148 41.4396
8.31764e+14  0.0143067 0.00350604  55235.9 43.788
8.12831e+14  0.0141722 0.00351263  62709.1 52.7559
7.94328e+14  0.0149074 0.00352632  69030.1 52.8315
7.76247e+14  0.0161138 0.00343966  78537.4 62.2557
7.58578e+14  0.0159803 0.00337263  81815.1 72.6439
7.4131e+14  0.0160243 0.00337329  87446.3 77.1814
7.24436e+14  0.0172257 0.00336971  95516.5 87.5827
7.07946e+14  0.0182478 0.00332176  100645 97.5884
6.91831e+14  0.0192119 0.00326213  107237 109.665
6.76083e+14  0.0204451 0.00320161  112759 118.458
6.60693e+14  0.0200384 0.00313179  116342 132.294
6.45654e+14  0.0222307 0.00324607  120446 145.268
6.30957e+14  0.0231254 0.00311448  128854 157.439
6.16595e+14  0.0234029 0.00310349  129413 174.716
6.0256e+14  0.0247858 0.00307032  136168 192.651
5.88844e+14  0.0273268 0.00310696  138283 208.852
5.7544e+14  0.0280884 0.00306537  145329 228.223
5.62341e+14  0.0295796 0.0030041  149949 237.233
5.49541e+14  0.0310942 0.00296248  153822 255.375
5.37032e+14  0.0331832 0.00291469  155419 276.598
5.24807e+14  0.0365753 0.00292704  158761 292.63
5.12861e+14  0.0377271 0.00291729  162429 316.994
5.01187e+14  0.0388763 0.00290094  168346 314.713
4.89779e+14  0.0416699 0.00286874  170629 343.589
4.7863e+14  0.0460534 0.00287124  174219 353.307
4.67735e+14  0.0478052 0.00286207  179909 362.434
4.57088e+14  0.0561926 0.00279396  180997 389.362
4.46684e+14  0.0587905 0.00268422  190533 406.797
4.36516e+14  0.0635185 0.00275747  194520 415.913
4.2658e+14  0.069052 0.00272029  195630 431.251
4.16869e+14  0.0725725 0.00266609  206689 448.592
4.0738e+14  0.0789065 0.00262276  208104 455.935
3.98107e+14  0.087908 0.00263638  210870 463.007
3.89045e+14  0.0941848 0.00267074  215173 484.914
3.80189e+14  0.107405 0.00258527  225511 505.688
3.71535e+14  0.120665 0.00254191  236263 513.744
3.63078e+14  0.128526 0.00252324  238783 520.861
3.54813e+14  0.14393 0.00246226  240912 531.051
3.46737e+14  0.151774 0.00257051  253152 559.135
3.38844e+14  0.176197 0.00249151  255130 560.251
3.31131e+14  0.203685 0.00241816  262703 570.887
3.23594e+14  0.224027 0.00241847  272449 596.601
3.16228e+14  0.243113 0.00238133  281304 605.064
3.0903e+14  0.299251 0.0024276  290642 631.938
3.01995e+14  0.34386 0.00237784  294146 650.116
2.95121e+14  0.370031 0.00229949  299916 663.443
2.88403e+14  0.400653 0.00228185  311895 677.148
2.81838e+14  0.469319 0.00233213  324046 694.002
2.75423e+14  0.527513 0.00231955  332974 717.594
2.69153e+14  0.595356 0.00226621  339995 756.703
2.63027e+14  0.724697 0.00227366  352224 756.677
2.5704e+14  0.790808 0.00229965  360918 781.447
2.51189e+14  0.938998 0.00228814  371857 782.687
2.45471e+14  1.10767 0.00223164  381029 820.407
2.39883e+14  1.18612 0.00219896  401011 833.509
2.34423e+14  1.39404 0.00226089  419099 845.285
2.29087e+14  1.61139 0.00218201  419508 887.21
2.23872e+14  1.75669 0.00217495  444578 903.877
2.18776e+14  2.02607 0.00212945  445586 932.157
2.13796e+14  2.2223 0.0021425  467693 956.438
2.0893e+14  2.52222 0.00209684  470118 960.711
2.04174e+14  2.87012 0.00207418  485742 1008.53
1.99526e+14  3.12809 0.00206123  510093 1031.03
1.94984e+14  3.50238 0.0020643  540111 1058.96
1.90546e+14  3.72832 0.00200077  546184 1069.56
1.86209e+14  4.274 0.00201891  567337 1114.9
1.8197e+14  4.3652 0.00201159  577905 1152.65
1.77828e+14  4.85144 0.00204039  597961 1181.41
1.7378e+14  5.10443 0.00200675  615894 1200.93
1.69824e+14  5.38054 0.00198356  636710 1228.94
1.65959e+14  5.80881 0.00195772  660908 1238.27
1.62181e+14  5.98782 0.00191091  677995 1287.96
1.58489e+14  6.27713 0.00193614  709711 1334.87
1.54882e+14  6.3178 0.00197125  731799 1390.6
1.51356e+14  6.53793 0.00190141  743574 1400.79
1.47911e+14  7.02568 0.00192682  764503 1458.33
1.44544e+14  6.88067 0.00188532  785236 1500.96
1.41254e+14  7.49004 0.00186198  820686 1531.71
1.38038e+14  7.35601 0.00188516  851204 1581.5
1.34896e+14  7.6694 0.00195311  853834 1620.43
1.31826e+14  7.4293 0.00180052  888580 1648.31
1.28825e+14  8.03754 0.00181011  908923 1699.52
1.25893e+14  7.98855 0.0017847  931632 1750.93
1.23027e+14  8.20156 0.00176169  979036 1777.77
1.20226e+14  8.44559 0.00181075  996250 1819.2
1.1749e+14  8.87515 0.00179644  1.03391e+06 1892.39
1.14815e+14  8.98452 0.00179083  1.03908e+06 1904.08
1.12202e+14  9.28381 0.00178282  1.06831e+06 1979.05
1.09648e+14  9.36336 0.00180069  1.09375e+06 2059.33
1.07152e+14  9.67124 0.0017268  1.12803e+06 2058.26
1.04713e+14  9.7304 0.00178372  1.14179e+06 2084.27
1.02329e+14  10.2028 0.00176114  1.15123e+06 2210.28
1e+14  10.6693 0.00169859  1.19091e+06 2209.64
9.77237e+13  10.4549 0.00170084  1.2223e+06 2287.75
9.54993e+13  11.1526 0.00164106  1.2554e+06 2322.29
9.33254e+13  11.4286 0.00168133  1.28838e+06 2400.53
9.12011e+13  11.758 0.00168942  1.31011e+06 2438.55
8.91251e+13  11.8169 0.00159319  1.35069e+06 2523.84
8.70964e+13  12.0462 0.00165959  1.36966e+06 2562.82
8.51138e+13  12.4003 0.00163607  1.42824e+06 2617.76
8.31764e+13  12.9842 0.00163674  1.414e+06 2651.17
8.12831e+13  13.2076 0.00160434  1.46339e+06 2710.5
7.94328e+13  13.5359 0.00157857  1.43774e+06 2783.48
7.76247e+13  14.0773 0.00162141  1.51392e+06 2825.89
7.58578e+13  14.5969 0.00161155  1.56611e+06 2925.19
7.4131e+13  14.7391 0.00163895  1.57836e+06 2933.52
7.24436e+13  15.3907 0.00163783  1.57719e+06 3094.94
7.07946e+13  16.1654 0.00157272  1.62727e+06 3083.96
6.91831e+13  16.8765 0.00159971  1.70193e+06 3182.77
6.76083e+13  16.7245 0.00154368  1.67664e+06 3203.33
6.60693e+13  17.2191 0.00155011  1.68063e+06 3309.7
6.45654e+13  17.8649 0.00157751  1.76303e+06 3335.77
6.30957e+13  18.5785 0.00153992  1.0058e+08 3368.75
6.16595e+13  19.349 0.00150673  1.84522e+06 3486.35
6.0256e+13  19.7529 0.00155037  1.81703e+06 3547.34
5.88844e+13  20.6221 0.001566  1.90246e+06 3644.39
5.7544e+13  21.52 0.00148689  1.89961e+06 3672.09
5.62341e+13  21.7549 0.00148359  1.9906e+06 3756.08
5.49541e+13  22.2959 0.00155202  1.90792e+06 3860.51
5.37032e+13  22.8457 0.0014625  2.0745e+06 3974.5
5.24807e+13  24.6659 0.00147698  2.04645e+06 4011.05
5.12861e+13  24.7714 0.00148715  2.08109e+06 4111.92
5.01187e+13  26.0658 0.00149588  2.06579e+06 4136.13
4.89779e+13  27.1642 0.00153202  2.15813e+06 4247.93
4.7863e+13  27.0144 0.00152874  2.32476e+06 4368.3
4.67735e+13  28.3746 0.0015  2.18609e+06 4369.02
4.57088e+13  29.4368 0.00150723  2.39017e+06 4517.38
4.46684e+13  30.5965 0.00151256  5.54635e+07 4596.08
4.36516e+13  31.0695 0.00150253  2.28816e+06 4790.95
4.2658e+13  33.1622 0.00143544  4.09392e+07 4767.02
4.16869e+13  33.66 0.00143797  2.38672e+06 4989.98
4.0738e+13  35.5978 0.00137291  2.39125e+06 4984.49
3.98107e+13  36.9641 0.00147119  2.56724e+06 5098.42
3.89045e+13  37.12 0.00144633  2.54198e+06 5212.51
3.80189e+13  39.028 0.00141131  2.81557e+06 5237.21
3.71535e+13  39.813 0.00139839  2.61707e+06 5333.92
3.63078e+13  42.0413 0.0014156  2.43004e+07 5484.69
3.54813e+13  43.3811 0.00138343  2.93706e+06 5612.64
3.46737e+13  43.8697 0.00138686  2.97068e+06 5767.13
3.38844e+13  45.4726 0.00139896  3.08892e+06 5800.52
3.31131e+13  47.0665 0.00134495  2.40703e+06 5943.73
3.23594e+13  49.6979 0.0013657  3.78896e+06 6047.74
3.16228e+13  48.9625 0.00141275  3.335e+06 6162.73
3.0903e+13  51.4505 0.00141248  3.1252e+06 6357.05
3.01995e+13  54.0303 0.00134654  3.3349e+06 6429.02
2.95121e+13  53.4747 0.00136922  3.61783e+06 6612.26
2.88403e+13  56.0243 0.00130267  1.48542e+07 6804.74
2.81838e+13  57.3526 0.00132009  6.93996e+07 6877.58
2.75423e+13  59.2094 0.00130123  6.96395e+06 6910.48
2.69153e+13  59.3816 0.0013346  3.58679e+06 7107.5
2.63027e+13  61.2562 0.00135478  1.43794e+07 7224.8
2.5704e+13  62.829 0.00129921  1.08557e+08 7385.78
2.51189e+13  64.9922 0.0013785  4.96037e+06 7594.7
2.45471e+13  66.7494 0.0014216  8.16285e+06 7667.17
2.39883e+13  68.5229 0.00139473  5.56922e+07 7929.22
2.34423e+13  68.3948 0.00136681  1.1184e+07 8029.09
2.29087e+13  71.0753 0.00140404  6.59259e+06 8188.63
2.23872e+13  72.323 0.00130654  3.39049e+06 8616.76
2.18776e+13  75.384 0.00140092  6.62205e+06 8486.36
2.13796e+13  76.4715 0.00129123  7.71419e+06 8815.52
2.0893e+13  79.3766 0.0013233  4.32245e+06 8951.62
2.04174e+13  78.3859 0.00140622  6.26268e+06 9094.28
1.99526e+13  82.0192 0.00127977  4.00752e+06 9344.38
1.94984e+13  81.8996 0.0012939  1.79381e+07 9471.14
1.90546e+13  82.5975 0.0012935  6.24826e+06 9583.57
1.86209e+13  82.4985 0.00134179  2.28487e+07 9855.53
1.8197e+13  85.3416 0.0013668  8.90662e+06 10210.3
1.77828e+13  88.4509 0.00127563  4.95707e+06 10334.3
1.7378e+13  90.2076 0.00127841  1.43655e+07 10757.5
1.69824e+13  89.5358 0.00128885  2.5552e+06 10650.7
1.65959e+13  94.044 0.00125987  3.04446e+06 11008.1
1.62181e+13  94.6997 0.00140852  6.12281e+06 11213.2
1.58489e+13  96.6507 0.00134714  4.75351e+06 11457
1.54882e+13  99.201 0.00134132  4.0027e+06 11617.4
1.51356e+13  100.46 0.00125512  4.80906e+07 11945.4
1.47911e+13  102.359 0.0013005  1.58734e+07 12180
1.44544e+13  104.356 0.00129378  2.27792e+06 12512.7
1.41254e+13  106.223 0.00127857  6.56319e+06 12839.1
1.38038e+13  106.125 0.00127533  8.68138e+06 12859.4
1.34896e+13  108.297 0.00127579  5.68153e+06 13155.8
1.31826e+13  111.471 0.0012065  8.36345e+06 13545.6
1.28825e+13  110.434 0.00136165  1.03578e+07 14254.1
1.25893e+13  115.011 0.00125866  3.23798e+06 14167.3
1.23027e+13  116.293 0.00130784  7.96973e+06 14392.6
1.20226e+13  119.65 0.00120163  3.50012e+06 14794.9
1.1749e+13  120.296 0.00126796  2.28181e+06 15182.9
1.14815e+13  122.596 0.00132922  1.60607e+07 15409.6
1.12202e+13  125.124 0.00127973  6.01483e+06 15716.6
1.09648e+13  128.064 0.00127546  4.81486e+06 16214.5
1.07152e+13  127.888 0.00130037  1.26151e+07 16515.5
1.04713e+13  130.934 0.00131411  9.76667e+06 16839.9
1.02329e+13  133.59 0.00127211  1.423e+07 17164.9
1e+13  136.867 0.00118066  4.08818e+06 17741.9
9.77237e+12  138.756 0.00122519  1.03513e+07 17856.7
9.54993e+12  143.109 0.00111909  1.44755e+07 18203.7
9.33254e+12  144.366 0.00130184  7.73418e+06 18976.2
9.12011e+12  148.724 0.00120533  8.92665e+06 19152.5
8.91251e+12  152.29 0.00123448  2.68514e+07 19550.6
8.70964e+12  151.517 0.00123792  8.11609e+06 20283.6
8.51138e+12  153.999 0.00122041  5.73426e+06 20697.2
8.31764e+12  157.215 0.00123445  6.43413e+06 20949.3
8.12831e+12  159.158 0.00122663  5.87588e+06 21664
7.94328e+12  164.828 0.00123334  3.91258e+07 21595.7
7.76247e+12  169.707 0.00120484  1.36686e+07 22045.9
7.58578e+12  175.27 0.00125814  1.03596e+07 22556.6
7.4131e+12  174.578 0.00121427  9.48343e+06 22660.4
7.24436e+12  181.743 0.00129755  1.56102e+07 24361
7.07946e+12  183.605 0.00119423  1.79386e+07 24877.5
6.91831e+12  185.203 0.00129955  3.05155e+07 24584.1
6.76083e+12  190.867 0.00122499  8.71857e+06 26035.1
6.60693e+12  193.053 0.00126901  3.34405e+06 26636.1
6.45654e+12  198.905 0.00119354  4.28577e+06 26341.6
6.30957e+12  202.273 0.00118589  4.3743e+07 28563.2
6.16595e+12  203.708 0.00117071  4.51575e+07 29456
6.0256e+12  212.882 0.00121422  1.92098e+07 28643.6
5.88844e+12  213.778 0.00115836  1.09207e+07 28666.5
5.7544e+12  225.322 0.00116225  4.83296e+07 30230.7
5.62341e+12  224.446 0.00127888  1.69555e+07 29176.4
5.49541e+12  231.179 0.00128929  4.54235e+06 29188.7
5.37032e+12  230.444 0.00110458  2.96599e+08 33413.1
5.24807e+12  233.47 0.00124141  1.95392e+07 33681.7
5.12861e+12  237.754 0.00118405  8.42642e+06 34272.2
5.01187e+12  246.5 0.00119406  5.8376e+08 33782.5
4.89779e+12  252.028 0.00113923  1.31958e+07 37754.8
4.7863e+12  253.277 0.00126485  2.97192e+07 41412.1
4.67735e+12  256.908 0.00121357  7.22218e+06 38694.3
4.57088e+12  259.762 0.00117469  3.45919e+07 39797.6
4.46684e+12  269.383 0.00120733  2.30498e+07 35343.4
4.36516e+12  273.761 0.00122917  9.5237e+07 35875.7
4.2658e+12  280.08 0.00123223  8.31702e+07 39942.7
4.16869e+12  280.684 0.00132308  8.23721e+06 59367.2
4.0738e+12  290.245 0.00120011  9.83633e+06 1.05515e+06
3.98107e+12  291.992 0.00113102  8.11163e+06 43775.1
3.89045e+12  300.767 0.00121672  2.68877e+07 43615.8
3.80189e+12  303.159 0.00118174  1.54721e+07 46605
3.71535e+12  307.783 0.00122302  1.15217e+07 54263.1
3.63078e+12  311.553 0.00122027  5.76145e+07 60970.4
3.54813e+12  313.487 0.00120423  2.50757e+07 53334.4
3.46737e+12  326.539 0.00128554  1.09759e+07 57486.7
3.38844e+12  322.019 0.0012082  9.23974e+07 42570.7
3.31131e+12  332.902 0.0011319  2.04846e+07 315409
3.23594e+12  338.006 0.00121284  2.76538e+10 64263.8
3.16228e+12  343.172 0.00124694  2.72174e+07 82833.9
3.0903e+12  350.413 0.0010947  4.81193e+07 196668
3.01995e+12  353.15 0.0012234  1.8414e+07 330806
2.95121e+12  364.828 0.00124613  1.65063e+07 96803.7
2.88403e+12  366.563 0.00119313  4.62207e+07 92236.1
2.81838e+12  375.983 0.00113814  2.14472e+07 117635
2.75423e+12  380.531 0.00111108  7.70433e+07 42022.7
2.69153e+12  381.402 0.00123421  4.07962e+08 70057.2
2.63027e+12  382.564 0.00114736  6.08358e+07 98017.8
2.5704e+12  396.188 0.0012429  1.02205e+07 103464
2.51189e+12  404.447 0.00117354  4.3506e+07 202316
2.45471e+12  404.333 0.00119429  9.00689e+07 339720
2.39883e+12  414.551 0.00116372  4.37066e+07 212047
2.34423e+12  424.577 0.00112875  1.85656e+07 4.03919e+07
2.29087e+12  424.379 0.00122388  5.56175e+07 105462
2.23872e+12  437.277 0.00112481  2.49851e+08 55872.9
2.18776e+12  444.553 0.00120885  3.70682e+08 214990
2.13796e+12  446.316 0.00127174  5.77699e+07 61051.9
2.0893e+12  456.601 0.00134412  6.3882e+07 186799
2.04174e+12  464.352 0.00144361  1.05378e+09 0
1.99526e+12  468.382 0.00133741  1.01608e+09 300471
1.94984e+12  471.835 0.00127494  2.43877e+08 3.81332e+06
1.90546e+12  485.073 0.00131654  8.09018e+07 64280
1.86209e+12  491.619 0.00119848  5.47262e+08 1.23621e+06
1.8197e+12  502.304 0.0013043  5.7836e+07 590292
1.77828e+12  511.096 0.00139943  1.13061e+08 73972.1
1.7378e+12  521.109 0.00110011  1.76821e+07 1.37052e+07
1.69824e+12  528.167 0.00109743  5.25137e+07 49037.6
1.65959e+12  542.515 0.00112073  7.46338e+07 1.28279e+06
1.62181e+12  538.025 0.00126033  3.18251e+07 2.59317e+06
1.58489e+12  546.265 0.00113413  7.71118e+07 629526
1.54882e+12  563.155 0.00115011  1.2467e+08 1.96891e+08
1.51356e+12  571.8 0.00113893  7.03942e+07 3.2508e+06
1.47911e+12  596 0.00118718  4.79265e+08 366036
1.44544e+12  594.116 0.00125431  2.83749e+08 299188
1.41254e+12  614.287 0.00114721  5.71251e+07 93207.4
1.38038e+12  626.839 0.00121403  3.10874e+08 144012
1.34896e+12  639.628 0.000983837  5.48172e+07 190329
1.31826e+12  652.156 0.00125376  3.47157e+07 88803.8
1.28825e+12  654.037 0.00119379  1.5087e+08 255795
1.25893e+12  671.521 0.00108619  8.61647e+07 619760
1.23027e+12  683.359 0.00109171  6.32371e+08 966556
1.20226e+12  702.494 0.00116108  1.4846e+09 239160
1.1749e+12  24169.3 0.00119031  6.99352e+07 225754
1.14815e+12  722.894 0.00119664  1.12002e+08 470275
1.12202e+12  24308.5 0.00117297  6.17097e+07 314406
1.09648e+12  786.436 0.00131042  2.14904e+08 362862
1.07152e+12  58929.2 0.00123667  7.96898e+07 1.01658e+06
1.04713e+12  821.351 0.00164868  7.22202e+08 0
1.02329e+12  793.841 0.00120686  1.28104e+08 220549
