# incident photon energies in MeV
1.000000000000000056e-01
1.018591388054116975e-01
1.037528415818012584e-01
1.056817509213658496e-01
1.076465213629834994e-01
1.096478196143185063e-01
1.116863247780561230e-01
1.137627285823430978e-01
1.158777356155126226e-01
1.180320635651729844e-01
1.202264434617412864e-01
1.224616199265048666e-01
1.247383514242942915e-01
1.270574105208541471e-01
1.294195841449986006e-01
1.318256738556407015e-01
1.342764961137863922e-01
1.367728825595849185e-01
1.393156802945303141e-01
1.419057521689092161e-01
1.445439770745927666e-01
1.472312502432719106e-01
1.499684835502373137e-01
1.527566058238072344e-01
1.555965631605074340e-01
1.584893192461113431e-01
1.614358556826486213e-01
1.644371723214931580e-01
1.674942876026437322e-01
1.706082389003123478e-01
1.737800828749375415e-01
1.770108958317421211e-01
1.803017740859569062e-01
1.836538343348346480e-01
1.870682140365800550e-01
1.905460717963247397e-01
1.940885877592778419e-01
1.976969640111860826e-01
2.013724249862388349e-01
2.051162178825565729e-01
2.089296130854039757e-01
2.128139045982712363e-01
2.167704104819695166e-01
2.208004733018900378e-01
2.249054605835781040e-01
2.290867652767772933e-01
2.333458062281002776e-01
2.376840286624876675e-01
2.421029046736178081e-01
2.466039337234339213e-01
2.511886431509580131e-01
2.558585886905646034e-01
2.606153549998895813e-01
2.654605561975538763e-01
2.703958364108843271e-01
2.754228703338166273e-01
2.805433637951713077e-01
2.857590543374946557e-01
2.910717118066605269e-01
2.964831389524342220e-01
3.019951720402015982e-01
3.076096814740708063e-01
3.133285724315585385e-01
3.191537855100761711e-01
3.250872973854344039e-01
3.311311214825911065e-01
3.372873086588689118e-01
3.435579478998746494e-01
3.499451670283573179e-01
3.564511334262442932e-01
3.630780547701014105e-01
3.698281797802662751e-01
3.767037989839089329e-01
3.837072454922787479e-01
3.908408957924019989e-01
3.981071705534972027e-01
4.055085354483838334e-01
4.130475019901613809e-01
4.207266283844440791e-01
4.285485203974395141e-01
4.365158322401659907e-01
4.446312674691086930e-01
4.528975799036207839e-01
4.613175745603794176e-01
4.698941086052154659e-01
4.786300923226384230e-01
4.875284901033863916e-01
4.965923214503361605e-01
5.058246620031140450e-01
5.152286445817564342e-01
5.248074602497725394e-01
5.345643593969716667e-01
5.445026528424211643e-01
5.546257129579107437e-01
5.649369748123025392e-01
5.754399373371569260e-01
5.861381645140287810e-01
5.970352865838368661e-01
6.081350012787178905e-01
6.194410750767814777e-01
6.309573444801933606e-01
6.426877173170196800e-01
6.546361740672750340e-01
6.668067692136222524e-01
6.792036326171846383e-01
6.918309709189364165e-01
7.046930689671468961e-01
7.177942912713617396e-01
7.311390834834173846e-01
7.447319739059889976e-01
7.585775750291837705e-01
7.726805850957023658e-01
7.870457896950986409e-01
8.016780633876791073e-01
8.165823713585924626e-01
8.317637711026710789e-01
8.472274141405965464e-01
8.629785477669703608e-01
8.790225168308845038e-01
8.953647655495939883e-01
9.120108393559096527e-01
9.289663867799362595e-01
9.462371613657929448e-01
9.638290236239704933e-01
9.817479430199843593e-01
1.000000000000000000e+00
1.018591388054116864e+00
1.037528415818012695e+00
1.056817509213658468e+00
1.076465213629834938e+00
1.096478196143185091e+00
1.116863247780561119e+00
1.137627285823431089e+00
1.158777356155126226e+00
1.180320635651729733e+00
1.202264434617413169e+00
1.224616199265048833e+00
1.247383514242943248e+00
1.270574105208541971e+00
1.294195841449986339e+00
1.318256738556407459e+00
1.342764961137864255e+00
1.367728825595849518e+00
1.393156802945303641e+00
1.419057521689092605e+00
1.445439770745927222e+00
1.472312502432718606e+00
1.499684835502373303e+00
1.527566058238072344e+00
1.555965631605074284e+00
1.584893192461113376e+00
1.614358556826486213e+00
1.644371723214931524e+00
1.674942876026437322e+00
1.706082389003123367e+00
1.737800828749375359e+00
1.770108958317420988e+00
1.803017740859568896e+00
1.836538343348346425e+00
1.870682140365800716e+00
1.905460717963247230e+00
1.940885877592778197e+00
1.976969640111861048e+00
2.013724249862388405e+00
2.051162178825565618e+00
2.089296130854039646e+00
2.128139045982712307e+00
2.167704104819695221e+00
2.208004733018900101e+00
2.249054605835781651e+00
2.290867652767773599e+00
2.333458062281003276e+00
2.376840286624877230e+00
2.421029046736178802e+00
2.466039337234339879e+00
2.511886431509581019e+00
2.558585886905645257e+00
2.606153549998895258e+00
2.654605561975539096e+00
2.703958364108843160e+00
2.754228703338166273e+00
2.805433637951713077e+00
2.857590543374946446e+00
2.910717118066604936e+00
2.964831389524342331e+00
3.019951720402016093e+00
3.076096814740707952e+00
3.133285724315585608e+00
3.191537855100761600e+00
3.250872973854343595e+00
3.311311214825911176e+00
3.372873086588688896e+00
3.435579478998746605e+00
3.499451670283573179e+00
3.564511334262442599e+00
3.630780547701013994e+00
3.698281797802662751e+00
3.767037989839089107e+00
3.837072454922788367e+00
3.908408957924021099e+00
3.981071705534973137e+00
4.055085354483838778e+00
4.130475019901614253e+00
4.207266283844441901e+00
4.285485203974396029e+00
4.365158322401661017e+00
4.446312674691088596e+00
4.528975799036208727e+00
4.613175745603795619e+00
4.698941086052153437e+00
4.786300923226383119e+00
4.875284901033862361e+00
4.965923214503360050e+00
5.058246620031139784e+00
5.152286445817564342e+00
5.248074602497725394e+00
5.345643593969716001e+00
5.445026528424211421e+00
5.546257129579107215e+00
5.649369748123024948e+00
5.754399373371569482e+00
5.861381645140287588e+00
5.970352865838369105e+00
6.081350012787179793e+00
6.194410750767814555e+00
6.309573444801933384e+00
6.426877173170197466e+00
6.546361740672750784e+00
6.668067692136221858e+00
6.792036326171846383e+00
6.918309709189365719e+00
7.046930689671470738e+00
7.177942912713619172e+00
7.311390834834176289e+00
7.447319739059892640e+00
7.585775750291840147e+00
7.726805850957025434e+00
7.870457896950989074e+00
8.016780633876793516e+00
8.165823713585925958e+00
8.317637711026709013e+00
8.472274141405963022e+00
8.629785477669701166e+00
8.790225168308841930e+00
8.953647655495936775e+00
9.120108393559096527e+00
9.289663867799362151e+00
9.462371613657929004e+00
9.638290236239704711e+00
9.817479430199844259e+00
1.000000000000000000e+01
1.018591388054116997e+01
1.037528415818012562e+01
1.056817509213658468e+01
1.076465213629835027e+01
1.096478196143185180e+01
1.116863247780561252e+01
1.137627285823431045e+01
1.158777356155126270e+01
1.180320635651729866e+01
1.202264434617413080e+01
1.224616199265048877e+01
1.247383514242943292e+01
1.270574105208541837e+01
1.294195841449986339e+01
1.318256738556407370e+01
1.342764961137864255e+01
1.367728825595849429e+01
1.393156802945303596e+01
1.419057521689092560e+01
1.445439770745928065e+01
1.472312502432719405e+01
1.499684835502374014e+01
1.527566058238073232e+01
1.555965631605075039e+01
1.584893192461114175e+01
1.614358556826486790e+01
1.644371723214932501e+01
1.674942876026438299e+01
1.706082389003124433e+01
1.737800828749376336e+01
1.770108958317421965e+01
1.803017740859569784e+01
1.836538343348347269e+01
1.870682140365801516e+01
1.905460717963248385e+01
1.940885877592779352e+01
1.976969640111861892e+01
2.013724249862389470e+01
2.051162178825564553e+01
2.089296130854038580e+01
2.128139045982711153e+01
2.167704104819694066e+01
2.208004733018899302e+01
2.249054605835780407e+01
2.290867652767772356e+01
2.333458062281001943e+01
2.376840286624875986e+01
2.421029046736177648e+01
2.466039337234338547e+01
2.511886431509579509e+01
2.558585886905645168e+01
2.606153549998894903e+01
2.654605561975538919e+01
2.703958364108843426e+01
2.754228703338166184e+01
2.805433637951713166e+01
2.857590543374946535e+01
2.910717118066605025e+01
2.964831389524342242e+01
3.019951720402016093e+01
3.076096814740708041e+01
3.133285724315585696e+01
3.191537855100761689e+01
3.250872973854343684e+01
3.311311214825911264e+01
3.372873086588688807e+01
3.435579478998746339e+01
3.499451670283573179e+01
3.564511334262442688e+01
3.630780547701014171e+01
3.698281797802662396e+01
3.767037989839089107e+01
3.837072454922788012e+01
3.908408957924021365e+01
3.981071705534973404e+01
4.055085354483838955e+01
4.130475019901614786e+01
4.207266283844441546e+01
4.285485203974396740e+01
4.365158322401661195e+01
4.446312674691088063e+01
4.528975799036209082e+01
4.613175745603795264e+01
4.698941086052155924e+01
4.786300923226384896e+01
4.875284901033865026e+01
4.965923214503362715e+01
5.058246620031142271e+01
5.152286445817566829e+01
5.248074602497728591e+01
5.345643593969719376e+01
5.445026528424214263e+01
5.546257129579110057e+01
5.649369748123028501e+01
5.754399373371572324e+01
5.861381645140290431e+01
5.970352865838371770e+01
6.081350012787182635e+01
6.194410750767818286e+01
6.309573444801936404e+01
6.426877173170200308e+01
6.546361740672746521e+01
6.668067692136219193e+01
6.792036326171843541e+01
6.918309709189362877e+01
7.046930689671467007e+01
7.177942912713615442e+01
7.311390834834172381e+01
7.447319739059888377e+01
7.585775750291836061e+01
7.726805850957020994e+01
7.870457896950985344e+01
8.016780633876788897e+01
8.165823713585922405e+01
8.317637711026708303e+01
8.472274141405962666e+01
8.629785477669702232e+01
8.790225168308842285e+01
8.953647655495937840e+01
9.120108393559097237e+01
9.289663867799363572e+01
9.462371613657930425e+01
9.638290236239704711e+01
9.817479430199843193e+01
1.000000000000000000e+02
1.018591388054116891e+02
1.037528415818012633e+02
1.056817509213658468e+02
1.076465213629834921e+02
1.096478196143185073e+02
1.116863247780561181e+02
1.137627285823431009e+02
1.158777356155126199e+02
1.180320635651729759e+02
1.202264434617413116e+02
1.224616199265048948e+02
1.247383514242943221e+02
1.270574105208541908e+02
1.294195841449986233e+02
1.318256738556407299e+02
1.342764961137864077e+02
1.367728825595849571e+02
1.393156802945303525e+02
1.419057521689092596e+02
1.445439770745927888e+02
1.472312502432719441e+02
1.499684835502374085e+02
1.527566058238073197e+02
1.555965631605075146e+02
1.584893192461114211e+02
1.614358556826487074e+02
1.644371723214932501e+02
1.674942876026438228e+02
1.706082389003124433e+02
1.737800828749376194e+02
1.770108958317422037e+02
1.803017740859569926e+02
1.836538343348347553e+02
1.870682140365801729e+02
1.905460717963248385e+02
1.940885877592779423e+02
1.976969640111861963e+02
2.013724249862389399e+02
2.051162178825566684e+02
2.089296130854040712e+02
2.128139045982713355e+02
2.167704104819694066e+02
2.208004733018899231e+02
2.249054605835780478e+02
2.290867652767772427e+02
2.333458062281002015e+02
2.376840286624876057e+02
2.421029046736177577e+02
2.466039337234338689e+02
2.511886431509579722e+02
2.558585886905645168e+02
2.606153549998895187e+02
2.654605561975538990e+02
2.703958364108843284e+02
2.754228703338166042e+02
2.805433637951713308e+02
2.857590543374946606e+02
2.910717118066605167e+02
2.964831389524342171e+02
3.019951720402016235e+02
3.076096814740707828e+02
3.133285724315585412e+02
3.191537855100761476e+02
3.250872973854343968e+02
3.311311214825910838e+02
3.372873086588688807e+02
3.435579478998746481e+02
3.499451670283573321e+02
3.564511334262442688e+02
3.630780547701014029e+02
3.698281797802662823e+02
3.767037989839089391e+02
3.837072454922788438e+02
3.908408957924020797e+02
3.981071705534973262e+02
4.055085354483838955e+02
4.130475019901614360e+02
4.207266283844442114e+02
4.285485203974396313e+02
4.365158322401661053e+02
4.446312674691088205e+02
4.528975799036209082e+02
4.613175745603795690e+02
4.698941086052155924e+02
4.786300923226385180e+02
4.875284901033865026e+02
4.965923214503362715e+02
5.058246620031142697e+02
5.152286445817567255e+02
5.248074602497728165e+02
5.345643593969718950e+02
5.445026528424214121e+02
5.546257129579109915e+02
5.649369748123028785e+02
5.754399373371572892e+02
5.861381645140290857e+02
5.970352865838372054e+02
6.081350012787182777e+02
6.194410750767817717e+02
6.309573444801936830e+02
6.426877173170200876e+02
6.546361740672754195e+02
6.668067692136226015e+02
6.792036326171850078e+02
6.918309709189362593e+02
7.046930689671467007e+02
7.177942912713615442e+02
7.311390834834172665e+02
7.447319739059888661e+02
7.585775750291835493e+02
7.726805850957020994e+02
7.870457896950985059e+02
8.016780633876790034e+02
8.165823713585922405e+02
8.317637711026708303e+02
8.472274141405963519e+02
8.629785477669702232e+02
8.790225168308842285e+02
8.953647655495936988e+02
9.120108393559096385e+02
9.289663867799363288e+02
9.462371613657929856e+02
9.638290236239705564e+02
9.817479430199844046e+02
