# Photo-pion interaction rate with the cosmic infrared and optical background radiation model of Finke et al. 2010 (Model C)
# log10(gamma)	1/lambda_proton [1/Mpc]	1/lambda_neutron [1/Mpc]
6.00	0.000000e+00	0.000000e+00
6.04	0.000000e+00	0.000000e+00
6.08	0.000000e+00	0.000000e+00
6.12	0.000000e+00	0.000000e+00
6.16	0.000000e+00	0.000000e+00
6.20	0.000000e+00	0.000000e+00
6.24	0.000000e+00	0.000000e+00
6.28	0.000000e+00	0.000000e+00
6.32	0.000000e+00	0.000000e+00
6.36	0.000000e+00	0.000000e+00
6.40	0.000000e+00	0.000000e+00
6.44	0.000000e+00	0.000000e+00
6.48	0.000000e+00	0.000000e+00
6.52	0.000000e+00	0.000000e+00
6.56	0.000000e+00	0.000000e+00
6.60	0.000000e+00	0.000000e+00
6.64	7.297380e-64	8.048935e-64
6.68	1.067747e-62	1.122086e-62
6.72	4.147197e-62	4.307200e-62
6.76	1.788043e-16	1.702014e-16
6.80	4.288177e-13	4.290628e-13
6.84	5.366647e-12	5.425482e-12
6.88	2.581798e-11	2.618804e-11
6.92	8.118005e-11	8.252072e-11
6.96	2.009589e-10	2.046679e-10
7.00	4.283835e-10	4.371355e-10
7.04	8.269670e-10	8.456131e-10
7.08	1.487156e-09	1.524158e-09
7.12	2.530036e-09	2.599427e-09
7.16	4.098721e-09	4.221607e-09
7.20	6.344624e-09	6.549443e-09
7.24	9.427278e-09	9.749616e-09
7.28	1.352301e-08	1.400565e-08
7.32	1.883101e-08	1.952397e-08
7.36	2.557703e-08	2.653658e-08
7.40	3.402383e-08	3.531086e-08
7.44	4.449392e-08	4.617302e-08
7.48	5.740710e-08	5.954726e-08
7.52	7.331798e-08	7.599553e-08
7.56	9.294162e-08	9.624519e-08
7.60	1.171767e-07	1.212120e-07
7.64	1.471272e-07	1.520223e-07
7.68	1.841150e-07	1.900298e-07
7.72	2.296775e-07	2.368144e-07
7.76	2.855472e-07	2.941593e-07
7.80	3.536055e-07	3.640001e-07
7.84	4.358184e-07	4.483558e-07
7.88	5.341643e-07	5.492516e-07
7.92	6.505385e-07	6.686167e-07
7.96	7.866338e-07	8.081543e-07
8.00	9.438130e-07	9.692016e-07
8.04	1.122986e-06	1.152594e-06
8.08	1.324494e-06	1.358543e-06
8.12	1.548029e-06	1.586546e-06
8.16	1.792588e-06	1.835341e-06
8.20	2.056481e-06	2.102915e-06
8.24	2.337390e-06	2.386571e-06
8.28	2.632451e-06	2.683030e-06
8.32	2.938374e-06	2.988561e-06
8.36	3.251570e-06	3.299145e-06
8.40	3.568304e-06	3.610641e-06
8.44	3.884861e-06	3.918984e-06
8.48	4.197724e-06	4.220385e-06
8.52	4.503765e-06	4.511551e-06
8.56	4.800456e-06	4.789911e-06
8.60	5.086093e-06	5.053863e-06
8.64	5.360028e-06	5.303011e-06
8.68	5.622876e-06	5.538381e-06
8.72	5.876659e-06	5.762560e-06
8.76	6.124873e-06	5.979747e-06
8.80	6.372432e-06	6.195678e-06
8.84	6.625499e-06	6.417418e-06
8.88	6.891194e-06	6.653029e-06
8.92	7.177199e-06	6.911124e-06
8.96	7.491273e-06	7.200316e-06
9.00	7.840717e-06	7.528628e-06
9.04	8.231868e-06	7.902915e-06
9.08	8.669643e-06	8.328365e-06
9.12	9.157202e-06	8.808106e-06
9.16	9.695723e-06	9.342961e-06
9.20	1.028431e-05	9.931349e-06
9.24	1.092004e-05	1.056935e-05
9.28	1.159820e-05	1.125095e-05
9.32	1.231266e-05	1.196856e-05
9.36	1.305662e-05	1.271374e-05
9.40	1.382351e-05	1.347834e-05
9.44	1.460847e-05	1.425597e-05
9.48	1.541029e-05	1.504423e-05
9.52	1.623407e-05	1.584743e-05
9.56	1.709458e-05	1.668023e-05
9.60	1.802027e-05	1.757183e-05
9.64	1.905778e-05	1.857066e-05
9.68	2.027645e-05	1.974923e-05
9.72	2.177260e-05	2.120853e-05
9.76	2.367258e-05	2.308131e-05
9.80	2.613398e-05	2.553326e-05
9.84	2.934380e-05	2.876112e-05
9.88	3.351342e-05	3.298714e-05
9.92	3.887011e-05	3.845000e-05
9.96	4.564565e-05	4.539235e-05
10.00	5.406251e-05	5.404588e-05
10.04	6.431904e-05	6.461497e-05
10.08	7.657496e-05	7.726079e-05
10.12	9.093873e-05	9.208725e-05
10.16	1.074579e-04	1.091303e-04
10.20	1.261126e-04	1.283508e-04
10.24	1.468128e-04	1.496313e-04
10.28	1.693982e-04	1.727768e-04
10.32	1.936422e-04	1.975188e-04
10.36	2.192575e-04	2.235237e-04
10.40	2.459063e-04	2.504042e-04
10.44	2.732113e-04	2.777334e-04
10.48	3.007683e-04	3.050601e-04
10.52	3.281602e-04	3.319255e-04
10.56	3.549719e-04	3.578814e-04
10.60	3.808054e-04	3.825072e-04
10.64	4.052934e-04	4.054257e-04
10.68	4.281123e-04	4.263173e-04
10.72	4.489909e-04	4.449289e-04
10.76	4.677164e-04	4.610792e-04
10.80	4.841365e-04	4.746603e-04
10.84	4.981588e-04	4.856346e-04
10.88	5.097463e-04	4.940278e-04
10.92	5.188719e-04	4.998826e-04
10.96	5.254007e-04	5.031331e-04
11.00	5.292640e-04	5.037746e-04
11.04	5.305001e-04	5.019050e-04
11.08	5.291985e-04	4.976659e-04
11.12	5.254267e-04	4.911662e-04
11.16	5.191755e-04	4.824215e-04
11.20	5.104009e-04	4.713913e-04
11.24	4.992808e-04	4.582455e-04
11.28	4.867231e-04	4.439299e-04
11.32	4.738853e-04	4.296817e-04
11.36	4.614415e-04	4.162279e-04
11.40	4.496282e-04	4.038097e-04
11.44	4.384546e-04	3.924242e-04
11.48	4.277497e-04	3.818977e-04
11.52	4.173525e-04	3.720474e-04
11.56	4.071653e-04	3.627281e-04
11.60	3.970741e-04	3.537801e-04
11.64	3.873054e-04	3.453550e-04
11.68	3.781475e-04	3.376961e-04
11.72	3.695762e-04	3.308006e-04
11.76	3.615649e-04	3.245976e-04
11.80	3.542280e-04	3.190322e-04
11.84	3.475893e-04	3.140441e-04
11.88	3.415881e-04	3.095585e-04
11.92	3.361526e-04	3.055110e-04
11.96	3.312364e-04	3.018683e-04
12.00	3.268034e-04	2.986081e-04
12.04	3.228082e-04	2.956986e-04
12.08	3.192012e-04	2.931016e-04
12.12	3.159358e-04	2.907804e-04
12.16	3.129717e-04	2.887032e-04
12.20	3.102758e-04	2.868438e-04
12.24	3.078209e-04	2.851810e-04
12.28	3.055851e-04	2.836979e-04
12.32	3.035506e-04	2.823807e-04
12.36	3.017025e-04	2.812179e-04
12.40	3.000281e-04	2.801999e-04
12.44	2.985161e-04	2.793178e-04
12.48	2.971566e-04	2.785639e-04
12.52	2.959404e-04	2.779306e-04
12.56	2.948587e-04	2.774108e-04
12.60	2.939033e-04	2.769976e-04
12.64	2.930666e-04	2.766844e-04
12.68	2.923410e-04	2.764649e-04
12.72	2.917201e-04	2.763333e-04
12.76	2.911993e-04	2.762858e-04
12.80	2.907711e-04	2.763160e-04
12.84	2.904291e-04	2.764177e-04
12.88	2.901672e-04	2.765858e-04
12.92	2.899806e-04	2.768158e-04
12.96	2.898650e-04	2.771041e-04
13.00	2.898171e-04	2.774478e-04
13.04	2.898343e-04	2.778449e-04
13.08	2.899149e-04	2.782938e-04
13.12	2.900575e-04	2.787939e-04
13.16	2.902615e-04	2.793447e-04
13.20	2.905266e-04	2.799465e-04
13.24	2.908530e-04	2.805996e-04
13.28	2.912411e-04	2.813048e-04
13.32	2.916914e-04	2.820628e-04
13.36	2.922045e-04	2.828746e-04
13.40	2.927810e-04	2.837409e-04
13.44	2.934211e-04	2.846623e-04
13.48	2.941248e-04	2.856387e-04
13.52	2.948913e-04	2.866698e-04
13.56	2.957191e-04	2.877540e-04
13.60	2.966058e-04	2.888892e-04
13.64	2.975483e-04	2.900723e-04
13.68	2.985422e-04	2.912991e-04
13.72	2.995824e-04	2.925647e-04
13.76	3.006632e-04	2.938636e-04
13.80	3.017786e-04	2.951899e-04
13.84	3.029225e-04	2.965378e-04
13.88	3.040892e-04	2.979018e-04
13.92	3.052735e-04	2.992770e-04
13.96	3.064712e-04	3.006598e-04
14.00	3.076795e-04	3.020472e-04
14.04	3.088964e-04	3.034380e-04
14.08	3.101217e-04	3.048320e-04
14.12	3.113563e-04	3.062305e-04
14.16	3.126026e-04	3.076362e-04
14.20	3.138640e-04	3.090526e-04
14.24	3.151447e-04	3.104843e-04
14.28	3.164494e-04	3.119359e-04
14.32	3.177827e-04	3.134121e-04
14.36	3.191480e-04	3.149163e-04
14.40	3.205464e-04	3.164493e-04
14.44	3.219742e-04	3.180069e-04
14.48	3.234210e-04	3.195782e-04
14.52	3.248661e-04	3.211407e-04
14.56	3.262737e-04	3.226576e-04
14.60	3.275891e-04	3.240724e-04
14.64	3.287363e-04	3.253069e-04
14.68	3.296154e-04	3.262593e-04
14.72	3.301025e-04	3.268038e-04
14.76	3.300547e-04	3.267968e-04
14.80	3.293135e-04	3.260795e-04
14.84	3.277152e-04	3.244883e-04
14.88	3.250973e-04	3.218637e-04
14.92	3.213137e-04	3.180621e-04
14.96	3.162398e-04	3.129615e-04
15.00	3.097787e-04	3.064690e-04
15.04	3.018710e-04	2.985294e-04
15.08	2.924972e-04	2.891308e-04
15.12	2.816864e-04	2.783042e-04
15.16	2.695107e-04	2.661254e-04
15.20	2.560786e-04	2.527065e-04
15.24	2.415405e-04	2.382019e-04
15.28	2.260816e-04	2.228008e-04
15.32	2.099153e-04	2.067147e-04
15.36	1.932704e-04	1.901731e-04
15.40	1.763849e-04	1.734133e-04
15.44	1.594970e-04	1.566727e-04
15.48	1.428354e-04	1.401773e-04
15.52	1.266048e-04	1.241262e-04
15.56	1.109860e-04	1.086966e-04
15.60	9.612366e-05	9.402977e-05
15.64	8.213445e-05	8.023889e-05
15.68	6.910122e-05	6.740267e-05
15.72	5.706991e-05	5.556268e-05
15.76	4.606009e-05	4.473582e-05
15.80	3.606185e-05	3.491072e-05
15.84	2.704788e-05	2.605853e-05
15.88	1.897376e-05	1.813346e-05
15.92	1.178356e-05	1.107997e-05
15.96	5.437532e-06	4.861649e-06
16.00	0.000000e+00	0.000000e+00
