2.51189e-07  0.00019571
2.81838e-07  0.000246368
3.16228e-07  0.000310137
3.54813e-07  0.000390407
3.98107e-07  0.000491448
4.46684e-07  0.000618633
5.01187e-07  0.000778722
5.62341e-07  0.000980226
6.30957e-07  0.00123385
7.07946e-07  0.00155307
7.94328e-07  0.00195484
8.91251e-07  0.00246049
1e-06  0.00309686
1.12202e-06  0.00389771
1.25893e-06  0.0049055
1.41254e-06  0.00617364
1.58489e-06  0.0077693
1.77828e-06  0.00977695
1.99526e-06  0.0123028
2.23872e-06  0.0154802
2.51189e-06  0.0194771
2.81838e-06  0.0245043
3.16228e-06  0.0308265
3.54813e-06  0.0387764
3.98107e-06  0.0487716
4.46684e-06  0.0613362
5.01187e-06  0.0771281
5.62341e-06  0.0969719
6.30957e-06  0.121902
7.07946e-06  0.153213
7.94328e-06  0.192529
8.91251e-06  0.241878
1e-05  0.303798
1.12202e-05  0.381462
1.25893e-05  0.478826
1.41254e-05  0.600823
1.58489e-05  0.753598
1.77828e-05  0.944787
1.99526e-05  1.18387
2.23872e-05  1.4826
2.51189e-05  1.85551
2.81838e-05  2.3205
3.16228e-05  2.89962
3.54813e-05  3.6199
3.98107e-05  4.51435
4.46684e-05  5.62314
5.01187e-05  6.9949
5.62341e-05  8.68813
6.30957e-05  10.7728
7.07946e-05  13.3318
7.94328e-05  16.4625
8.91251e-05  20.2777
0.0001  24.9066
0.000112202  30.4939
0.000125893  37.1981
0.000141254  45.1871
0.000158489  54.6304
0.000177828  65.6878
0.000199526  78.4905
0.000223872  93.1174
0.000251189  109.561
0.000281838  127.688
0.000316228  147.189
0.000354813  167.528
0.000398107  187.898
0.000446684  207.188
0.000501187  223.996
0.000562341  236.692
0.000630957  243.565
0.000707946  243.066
0.000794328  234.122
0.000891251  216.483
0.001  190.999
0.00112202  159.708
0.00125893  125.616
0.00141254  92.1689
0.00158489  62.5127
0.00177828  38.7983
0.00199526  21.7904
0.00223872  10.938
0.00251189  4.83984
0.00281838  1.85879
0.00316228  0.609003
0.00354813  0.925999
0.00398107  0.852838
0.00446684  0.854433
0.00501187  0.850009
0.00562341  0.821246
0.00630957  0.765843
0.00707946  0.687128
0.00794328  0.595327
0.00891251  0.499033
0.01  0.408277
0.0112202  0.326586
0.0125893  0.255768
0.0141254  0.197884
0.0158489  0.152466
0.0177828  0.117464
0.0199526  0.0909801
0.0223872  0.0714361
0.0251189  0.0575443
0.0281838  0.0478694
0.0316228  0.0410596
0.0354813  0.0361351
0.0398107  0.0324348
0.0446684  0.0295188
0.0501187  0.0270968
0.0562341  0.024917
0.0630957  0.0228812
0.0707946  0.0209897
0.0794328  0.0192446
0.0891251  0.0176549
0.1  0.0162319
0.112202  0.0149833
0.125893  0.0138974
0.141254  0.0129603
0.158489  0.0121706
0.177828  0.0115285
0.199526  0.0110206
0.223872  0.0106108
0.251189  0.0102553
0.281838  0.00991759
0.316228  0.0095723
0.354813  0.00918837
0.398107  0.00874489
0.446684  0.00825261
0.501187  0.00776479
0.562341  0.00601547
0.630957  0.00592711
0.707946  0.00576655
0.794328  0.00553975
0.891251  0.00525491
1  0.00492198
1.12202  0.00455215
1.25893  0.00415712
1.41254  0.00374861
1.58489  0.00333771
1.77828  0.00293445
1.99526  0.00254744
2.23872  0.00218366
2.51189  0.00184827
2.81838  0.00154471
3.16228  0.00127476
3.54813  0.00103875
3.98107  0.000835781
4.46684  0.000664013
5.01187  0.000520908
5.62341  0.000403502
6.30957  0.000308624
7.07946  0.000233086
7.94328  0.000173821
8.91251  0.000127995
10  9.30633e-05
11.2202  6.68137e-05
12.5893  4.73646e-05
