# lower 68% confidence limit at z = 0
# log10(eps/eV), eps n(eps) [units?]
0.2 2093.7860843949193
0.21 2048.2496251471184
0.22 2005.6648688425194
0.23 1966.3313864587492
0.24 1929.8641117072343
0.25 1895.3507300718443
0.26 1861.7083636235027
0.27 1827.9408843204833
0.28 1793.272429889153
0.29 1757.12514024751
0.3 1719.4068742753652
0.31 1680.4060777489797
0.32 1640.4426222942204
0.33 1599.6775964287438
0.34 1558.1907996743032
0.35 1516.108659863426
0.36 1473.630004992582
0.37 1430.9730919402823
0.38 1388.3512186141386
0.39 1345.9965466239298
0.4 1304.1924829670822
0.41 1263.2647643564273
0.42 1223.5386362148763
0.43 1185.2846746384112
0.44 1148.693032256064
0.45 1113.8667745857063
0.46 1080.8248721714826
0.47 1049.51365873317
0.48 1019.8208578064135
0.49 991.5820540693085
0.5 964.600414829696
0.51 938.6444847984359
0.52 913.480989944576
0.53 888.870765890806
0.54 864.5938548043226
0.55 840.4900881722282
0.56 816.4468860763311
0.57 792.402662019666
0.58 768.3338869393558
0.59 744.1779658114755
0.6 719.8649735987045
0.61 695.3590093827976
0.62 670.6494500997152
0.63 645.7506832871597
0.64 620.7024103256025
0.65 595.5634025304787
0.66 570.4004304155549
0.67 545.2840760784262
0.68 520.3011678918872
0.69 495.5019420817584
0.7 471.00312830579173
0.71 447.13723280482714
0.72 424.2176134456634
0.73 402.3668301489327
0.74 381.62778472054583
0.75 361.9927125198984
0.76 343.42907002453717
0.77 325.89987233706813
0.78 309.3616508953588
0.79 293.7759376958236
0.8 279.1027009083319
0.81 265.30058798719665
0.82 252.3269282694187
0.83 240.16021113438754
0.84 228.76057956050576
0.85 218.0807117058349
0.86 208.0729332329512
0.87 198.6906183991188
0.88 189.8888577332617
0.89 181.60436225036696
0.9 173.78016493683586
0.91 166.37458339412763
0.92 159.35332905877877
0.93 152.69007063290846
0.94 146.36229489123372
0.95 140.3492197886611
0.96 134.6321514410203
0.97 129.1939860507496
0.98 124.01813605408405
0.99 119.09647375733097
1 114.4187553746473
1.01 109.97156970901972
1.02 105.7418386135791
1.03 101.71702355458281
1.04 97.88511701868923
1.05 94.23343520981767
1.06 90.75265706705028
1.07 87.44195103484996
1.08 84.30040496150126
1.09 81.31844417387258
1.1 78.48566176551066
1.11 75.7933014959734
1.12 73.2329669771927
1.13 70.79701906345049
