# upper 68% confidence limit at z = 0
# log10(eps/eV), eps n(eps) [units?]
0.2 3631.1219381479173
0.21 3610.810790208803
0.22 3585.9416153307975
0.23 3555.9739491364035
0.24 3520.1730816548807
0.25 3478.088354779293
0.26 3430.1626097073968
0.27 3377.588183884943
0.28 3321.4158896969734
0.29 3261.7715862931236
0.3 3198.6916070860093
0.31 3132.2229633524416
0.32 3062.2049142551778
0.33 2988.4274366537707
0.34 2910.8023450537794
0.35 2829.5411814374656
0.36 2745.220886881354
0.37 2658.866476264743
0.38 2571.8471779537686
0.39 2485.581388238939
0.4 2401.4210357381376
0.41 2320.5700199417
0.42 2243.9380337598996
0.43 2172.080958341414
0.44 2105.239604366442
0.45 2043.4274502149897
0.46 1986.4640811236436
0.47 1933.989635228879
0.48 1885.484429194952
0.49 1840.295130865473
0.5 1797.706343079375
0.51 1757.0224486632292
0.52 1717.599977423329
0.53 1678.8561448710548
0.54 1640.3164498465724
0.55 1601.6716305552309
0.56 1562.7058683397624
0.57 1523.2712995176364
0.58 1483.340022501813
0.59 1442.8053373063565
0.6 1401.55768167615
0.61 1359.6148558813993
0.62 1317.0776607576774
0.63 1274.085329980816
0.64 1230.7977292628752
0.65 1187.3899696581805
0.66 1144.0319422302182
0.67 1100.8611195668036
0.68 1058.0443904511721
0.69 1015.688185797614
0.7 973.9489047309576
0.71 933.1977436974219
0.72 893.7845040820418
0.73 855.8564730488623
0.74 819.4678092174336
0.75 784.6094089500075
0.76 751.2422692490946
0.77 719.3252368350547
0.78 688.8131637743728
0.79 659.6655257277291
0.8 631.8392053782417
0.81 605.2897598659722
0.82 579.9720293045779
0.83 555.8563443852698
0.84 532.8978880739184
0.85 511.0455633096708
0.86 490.24698593909386
0.87 470.43511761987156
0.88 451.5698929957666
0.89 433.66626464670156
0.9 416.75625123869366
0.91 400.8766080531297
0.92 386.0308940220376
0.93 372.1488904629385
0.94 359.14580191503086
0.95 346.9539597590407
0.96 335.5102445725572
0.97 324.7559900686876
0.98 314.6369429088635
0.99 305.0985763510723
1 296.0906527676808
1.01 287.567306479909
1.02 279.4851963718408
1.03 271.80320626806235
1.04 264.48177152854447
1.05 257.48520213433966
1.06 250.77565510700992
1.07 244.30834134082616
1.08 238.04737936894355
1.09 231.98022714048017
1.1 226.09722228966743
1.11 220.3866267266608
1.12 214.8382882977425
1.13 209.44287609722147
