# Average interaction rate for elastic scattering of CMB photons off nuclei
# Scale with Z*N/A for nuclei
# 1/lambda [1/Mpc] for log10(gamma) = 6-14 in 201 steps
9.88402e-08
1.33713e-07
1.7534e-07
2.23549e-07
2.77874e-07
3.37596e-07
4.01801e-07
4.6945e-07
5.39444e-07
6.10686e-07
6.82135e-07
7.52842e-07
8.21978e-07
8.88851e-07
9.52907e-07
1.01373e-06
1.07104e-06
1.12467e-06
1.17455e-06
1.22071e-06
1.26325e-06
1.30233e-06
1.33816e-06
1.37099e-06
1.4011e-06
1.4288e-06
1.4544e-06
1.47826e-06
1.50073e-06
1.5222e-06
1.54307e-06
1.56377e-06
1.58477e-06
1.6066e-06
1.62982e-06
1.65508e-06
1.68313e-06
1.71482e-06
1.75114e-06
1.79326e-06
1.84255e-06
1.90064e-06
1.96945e-06
2.05128e-06
2.14889e-06
2.26554e-06
2.40518e-06
2.57249e-06
2.77313e-06
3.01385e-06
3.30279e-06
3.64968e-06
4.06625e-06
4.56658e-06
5.16759e-06
5.88964e-06
6.75725e-06
7.79993e-06
9.05327e-06
1.05602e-05
1.23726e-05
1.45532e-05
1.71782e-05
2.03402e-05
2.41518e-05
2.8751e-05
3.43067e-05
4.10268e-05
4.91684e-05
5.90499e-05
7.10689e-05
8.5723e-05
0.000103639
0.000125612
0.000152648
0.000186032
0.000227395
0.000278805
0.000342857
0.000422754
0.00052236
0.00064617
0.00079915
0.00098641
0.00121266
0.00148148
0.0017945
0.00215054
0.00254505
0.00296979
0.00341311
0.00386062
0.00429628
0.00470377
0.00506784
0.00537552
0.00561698
0.00578605
0.00588027
0.00590069
0.00585137
0.00573869
0.00557071
0.00535645
0.00510527
0.00482641
0.00452859
0.00421971
0.00390674
0.00359558
0.0032911
0.00299715
0.00271666
0.00245172
0.0022037
0.00197336
0.00176095
0.00156631
0.00138898
0.00122825
0.00108324
0.000952957
0.000836352
0.000732341
0.000639848
0.000557827
0.00048528
0.000421271
0.000364928
0.000315449
0.0002721
0.000234214
0.000201183
0.000172456
0.000147536
0.000125974
0.000107362
9.13379e-05
7.7574e-05
6.57791e-05
5.56938e-05
4.70885e-05
3.97604e-05
3.35317e-05
2.82466e-05
2.37696e-05
1.99827e-05
1.6784e-05
1.40857e-05
1.18123e-05
9.89884e-06
8.29004e-06
6.93863e-06
5.80438e-06
4.85316e-06
4.05598e-06
3.38835e-06
2.82954e-06
2.36208e-06
1.97122e-06
1.64456e-06
1.37167e-06
1.14378e-06
9.5355e-07
7.94796e-07
6.6235e-07
5.51883e-07
4.59769e-07
3.82976e-07
3.18969e-07
2.65628e-07
2.21184e-07
1.84159e-07
1.53317e-07
1.27631e-07
1.0624e-07
8.84283e-08
7.35983e-08
6.1252e-08
5.09741e-08
4.24189e-08
3.52981e-08
2.93715e-08
2.44391e-08
2.03343e-08
1.69185e-08
1.40761e-08
1.1711e-08
9.74303e-09
8.10561e-09
6.74325e-09
5.60978e-09
4.66676e-09
3.88221e-09
3.22951e-09
2.68651e-09
2.23479e-09
1.85901e-09
1.5464e-09
1.28635e-09
1.07002e-09
