# redshift	 global evolution factor
0.00	1.0000e+00
0.01	9.9702e-01
0.02	9.9382e-01
0.03	9.9085e-01
0.04	9.8775e-01
0.05	9.8440e-01
0.06	9.8109e-01
0.07	9.7758e-01
0.08	9.7431e-01
0.09	9.7099e-01
0.10	9.6748e-01
0.11	9.6395e-01
0.12	9.6046e-01
0.13	9.5680e-01
0.14	9.5335e-01
0.15	9.4981e-01
0.16	9.4615e-01
0.17	9.4234e-01
0.18	9.3878e-01
0.19	9.3500e-01
0.20	9.3131e-01
0.21	9.2731e-01
0.22	9.2350e-01
0.23	9.1977e-01
0.24	9.1581e-01
0.25	9.1215e-01
0.26	9.0807e-01
0.27	9.0405e-01
0.28	9.0029e-01
0.29	8.9608e-01
0.30	8.9207e-01
0.31	8.8833e-01
0.32	8.8406e-01
0.33	8.8000e-01
0.34	8.7577e-01
0.35	8.7187e-01
0.36	8.6778e-01
0.37	8.6342e-01
0.38	8.5921e-01
0.39	8.5519e-01
0.40	8.5089e-01
0.41	8.4670e-01
0.42	8.4255e-01
0.43	8.3822e-01
0.44	8.3388e-01
0.45	8.2981e-01
0.46	8.2550e-01
0.47	8.2126e-01
0.48	8.1678e-01
0.49	8.1254e-01
0.50	8.0835e-01
0.51	8.0374e-01
0.52	7.9956e-01
0.53	7.9511e-01
0.54	7.9073e-01
0.55	7.8649e-01
0.56	7.8210e-01
0.57	7.7784e-01
0.58	7.7315e-01
0.59	7.6882e-01
0.60	7.6440e-01
0.61	7.5994e-01
0.62	7.5548e-01
0.63	7.5103e-01
0.64	7.4665e-01
0.65	7.4229e-01
0.66	7.3771e-01
0.67	7.3336e-01
0.68	7.2905e-01
0.69	7.2456e-01
0.70	7.1998e-01
0.71	7.1553e-01
0.72	7.1106e-01
0.73	7.0665e-01
0.74	7.0224e-01
0.75	6.9761e-01
0.76	6.9320e-01
0.77	6.8884e-01
0.78	6.8412e-01
0.79	6.7979e-01
0.80	6.7517e-01
0.81	6.7085e-01
0.82	6.6651e-01
0.83	6.6186e-01
0.84	6.5749e-01
0.85	6.5297e-01
0.86	6.4859e-01
0.87	6.4420e-01
0.88	6.3972e-01
0.89	6.3524e-01
0.90	6.3084e-01
0.91	6.2640e-01
0.92	6.2215e-01
0.93	6.1769e-01
0.94	6.1336e-01
0.95	6.0889e-01
0.96	6.0441e-01
0.97	6.0028e-01
0.98	5.9579e-01
0.99	5.9143e-01
1.00	5.8715e-01
1.01	5.8300e-01
1.02	5.7851e-01
1.03	5.7424e-01
1.04	5.6994e-01
1.05	5.6569e-01
1.06	5.6148e-01
1.07	5.5709e-01
1.08	5.5303e-01
1.09	5.4867e-01
1.10	5.4446e-01
1.11	5.4036e-01
1.12	5.3621e-01
1.13	5.3205e-01
1.14	5.2778e-01
1.15	5.2368e-01
1.16	5.1959e-01
1.17	5.1553e-01
1.18	5.1160e-01
1.19	5.0735e-01
1.20	5.0332e-01
1.21	4.9941e-01
1.22	4.9540e-01
1.23	4.9144e-01
1.24	4.8743e-01
1.25	4.8343e-01
1.26	4.7959e-01
1.27	4.7576e-01
1.28	4.7175e-01
1.29	4.6791e-01
1.30	4.6406e-01
1.31	4.6011e-01
1.32	4.5632e-01
1.33	4.5265e-01
1.34	4.4882e-01
1.35	4.4495e-01
1.36	4.4146e-01
1.37	4.3764e-01
1.38	4.3402e-01
1.39	4.3032e-01
1.40	4.2670e-01
1.41	4.2314e-01
1.42	4.1950e-01
1.43	4.1592e-01
1.44	4.1234e-01
1.45	4.0873e-01
1.46	4.0530e-01
1.47	4.0188e-01
1.48	3.9831e-01
1.49	3.9491e-01
1.50	3.9162e-01
1.51	3.8816e-01
1.52	3.8481e-01
1.53	3.8152e-01
1.54	3.7806e-01
1.55	3.7478e-01
1.56	3.7157e-01
1.57	3.6816e-01
1.58	3.6505e-01
1.59	3.6181e-01
1.60	3.5863e-01
1.61	3.5548e-01
1.62	3.5238e-01
1.63	3.4913e-01
1.64	3.4617e-01
1.65	3.4302e-01
1.66	3.4006e-01
1.67	3.3689e-01
1.68	3.3398e-01
1.69	3.3091e-01
1.70	3.2795e-01
1.71	3.2508e-01
1.72	3.2219e-01
1.73	3.1923e-01
1.74	3.1635e-01
1.75	3.1358e-01
1.76	3.1075e-01
1.77	3.0783e-01
1.78	3.0520e-01
1.79	3.0244e-01
1.80	2.9961e-01
1.81	2.9691e-01
1.82	2.9431e-01
1.83	2.9154e-01
1.84	2.8885e-01
1.85	2.8629e-01
1.86	2.8374e-01
1.87	2.8115e-01
1.88	2.7862e-01
1.89	2.7606e-01
1.90	2.7358e-01
1.91	2.7098e-01
1.92	2.6847e-01
1.93	2.6610e-01
1.94	2.6359e-01
1.95	2.6126e-01
1.96	2.5887e-01
1.97	2.5645e-01
1.98	2.5414e-01
1.99	2.5179e-01
2.00	2.4960e-01
2.01	2.4722e-01
2.02	2.4488e-01
2.03	2.4266e-01
2.04	2.4045e-01
2.05	2.3823e-01
2.06	2.3607e-01
2.07	2.3386e-01
2.08	2.3166e-01
2.09	2.2953e-01
2.10	2.2742e-01
2.11	2.2535e-01
2.12	2.2323e-01
2.13	2.2121e-01
2.14	2.1911e-01
2.15	2.1711e-01
2.16	2.1517e-01
2.17	2.1312e-01
2.18	2.1122e-01
2.19	2.0926e-01
2.20	2.0731e-01
2.21	2.0541e-01
2.22	2.0350e-01
2.23	2.0156e-01
2.24	1.9966e-01
2.25	1.9786e-01
2.26	1.9603e-01
2.27	1.9423e-01
2.28	1.9238e-01
2.29	1.9060e-01
2.30	1.8887e-01
2.31	1.8712e-01
2.32	1.8538e-01
2.33	1.8365e-01
2.34	1.8196e-01
2.35	1.8027e-01
2.36	1.7859e-01
2.37	1.7693e-01
2.38	1.7529e-01
2.39	1.7365e-01
2.40	1.7205e-01
2.41	1.7044e-01
2.42	1.6885e-01
2.43	1.6729e-01
2.44	1.6574e-01
2.45	1.6420e-01
2.46	1.6270e-01
2.47	1.6115e-01
2.48	1.5967e-01
2.49	1.5819e-01
2.50	1.5670e-01
2.51	1.5526e-01
2.52	1.5382e-01
2.53	1.5237e-01
2.54	1.5098e-01
2.55	1.4957e-01
2.56	1.4820e-01
2.57	1.4681e-01
2.58	1.4545e-01
2.59	1.4411e-01
2.60	1.4274e-01
2.61	1.4142e-01
2.62	1.4012e-01
2.63	1.3883e-01
2.64	1.3754e-01
2.65	1.3624e-01
2.66	1.3499e-01
2.67	1.3373e-01
2.68	1.3251e-01
2.69	1.3126e-01
2.70	1.3006e-01
2.71	1.2883e-01
2.72	1.2765e-01
2.73	1.2646e-01
2.74	1.2528e-01
2.75	1.2412e-01
2.76	1.2298e-01
2.77	1.2183e-01
2.78	1.2070e-01
2.79	1.1958e-01
2.80	1.1847e-01
2.81	1.1736e-01
2.82	1.1628e-01
2.83	1.1520e-01
2.84	1.1413e-01
2.85	1.1307e-01
2.86	1.1203e-01
2.87	1.1101e-01
2.88	1.0998e-01
2.89	1.0895e-01
2.90	1.0793e-01
2.91	1.0693e-01
2.92	1.0595e-01
2.93	1.0495e-01
2.94	1.0398e-01
2.95	1.0303e-01
2.96	1.0206e-01
2.97	1.0111e-01
2.98	1.0019e-01
2.99	9.9254e-02
3.00	9.8337e-02
3.01	9.7436e-02
3.02	9.6550e-02
3.03	9.5643e-02
3.04	9.4764e-02
3.05	9.3910e-02
3.06	9.3046e-02
3.07	9.2193e-02
3.08	9.1363e-02
3.09	9.0544e-02
3.10	8.9726e-02
3.11	8.8914e-02
3.12	8.8114e-02
3.13	8.7300e-02
3.14	8.6534e-02
3.15	8.5741e-02
3.16	8.4961e-02
3.17	8.4227e-02
3.18	8.3466e-02
3.19	8.2722e-02
3.20	8.1976e-02
3.21	8.1249e-02
3.22	8.0533e-02
3.23	7.9824e-02
3.24	7.9122e-02
3.25	7.8414e-02
3.26	7.7734e-02
3.27	7.7041e-02
3.28	7.6366e-02
3.29	7.5692e-02
3.30	7.5025e-02
3.31	7.4363e-02
3.32	7.3719e-02
3.33	7.3066e-02
3.34	7.2455e-02
3.35	7.1826e-02
3.36	7.1199e-02
3.37	7.0576e-02
3.38	6.9948e-02
3.39	6.9345e-02
3.40	6.8760e-02
3.41	6.8169e-02
3.42	6.7573e-02
3.43	6.7008e-02
3.44	6.6456e-02
3.45	6.5861e-02
3.46	6.5301e-02
3.47	6.4740e-02
3.48	6.4200e-02
3.49	6.3643e-02
3.50	6.3098e-02
3.51	6.2551e-02
3.52	6.2038e-02
3.53	6.1512e-02
3.54	6.0989e-02
3.55	6.0469e-02
3.56	5.9970e-02
3.57	5.9464e-02
3.58	5.8962e-02
3.59	5.8470e-02
3.60	5.7977e-02
3.61	5.7517e-02
3.62	5.7027e-02
3.63	5.6537e-02
3.64	5.6057e-02
3.65	5.5593e-02
3.66	5.5138e-02
3.67	5.4666e-02
3.68	5.4221e-02
3.69	5.3768e-02
3.70	5.3324e-02
3.71	5.2889e-02
3.72	5.2456e-02
3.73	5.2017e-02
3.74	5.1593e-02
3.75	5.1168e-02
3.76	5.0756e-02
3.77	5.0329e-02
3.78	4.9928e-02
3.79	4.9498e-02
3.80	4.9101e-02
3.81	4.8690e-02
3.82	4.8298e-02
3.83	4.7916e-02
3.84	4.7525e-02
3.85	4.7138e-02
3.86	4.6768e-02
3.87	4.6381e-02
3.88	4.6003e-02
3.89	4.5632e-02
3.90	4.5265e-02
3.91	4.4899e-02
3.92	4.4528e-02
3.93	4.4167e-02
3.94	4.3802e-02
3.95	4.3450e-02
3.96	4.3119e-02
3.97	4.2773e-02
3.98	4.2424e-02
3.99	4.2084e-02
4.00	4.1739e-02
4.01	4.1416e-02
4.02	4.1072e-02
4.03	4.0749e-02
4.04	4.0424e-02
4.05	4.0103e-02
4.06	3.9803e-02
4.07	3.9463e-02
4.08	3.9169e-02
4.09	3.8846e-02
4.10	3.8539e-02
4.11	3.8241e-02
4.12	3.7921e-02
4.13	3.7622e-02
4.14	3.7331e-02
4.15	3.7033e-02
4.16	3.6748e-02
4.17	3.6453e-02
4.18	3.6152e-02
4.19	3.5873e-02
4.20	3.5590e-02
4.21	3.5325e-02
4.22	3.5049e-02
4.23	3.4758e-02
4.24	3.4492e-02
4.25	3.4227e-02
4.26	3.3960e-02
4.27	3.3696e-02
4.28	3.3421e-02
4.29	3.3170e-02
4.30	3.2905e-02
4.31	3.2656e-02
4.32	3.2396e-02
4.33	3.2149e-02
4.34	3.1908e-02
4.35	3.1634e-02
4.36	3.1382e-02
4.37	3.1149e-02
4.38	3.0902e-02
4.39	3.0662e-02
4.40	3.0433e-02
4.41	3.0198e-02
4.42	2.9952e-02
4.43	2.9720e-02
4.44	2.9491e-02
4.45	2.9271e-02
4.46	2.9044e-02
4.47	2.8821e-02
4.48	2.8594e-02
4.49	2.8378e-02
4.50	2.8153e-02
4.51	2.7946e-02
4.52	2.7720e-02
4.53	2.7507e-02
4.54	2.7288e-02
4.55	2.7079e-02
4.56	2.6875e-02
4.57	2.6669e-02
4.58	2.6458e-02
4.59	2.6263e-02
4.60	2.6057e-02
4.61	2.5853e-02
4.62	2.5646e-02
4.63	2.5459e-02
4.64	2.5262e-02
4.65	2.5062e-02
4.66	2.4877e-02
4.67	2.4680e-02
4.68	2.4486e-02
4.69	2.4306e-02
4.70	2.4114e-02
4.71	2.3933e-02
4.72	2.3749e-02
4.73	2.3563e-02
4.74	2.3377e-02
4.75	2.3206e-02
4.76	2.3027e-02
4.77	2.2850e-02
4.78	2.2678e-02
4.79	2.2497e-02
4.80	2.2329e-02
4.81	2.2160e-02
4.82	2.1993e-02
4.83	2.1820e-02
4.84	2.1653e-02
4.85	2.1484e-02
4.86	2.1321e-02
4.87	2.1157e-02
4.88	2.0996e-02
4.89	2.0833e-02
4.90	2.0681e-02
4.91	2.0516e-02
4.92	2.0359e-02
4.93	2.0197e-02
4.94	2.0042e-02
4.95	1.9890e-02
4.96	1.9751e-02
4.97	1.9591e-02
4.98	1.9433e-02
4.99	1.9289e-02
5.00	1.9139e-02
