# redshift	 global evolution factor
0.00	1.0000e+00
0.01	9.9683e-01
0.02	9.9356e-01
0.03	9.9036e-01
0.04	9.8693e-01
0.05	9.8336e-01
0.06	9.7971e-01
0.07	9.7611e-01
0.08	9.7249e-01
0.09	9.6859e-01
0.10	9.6475e-01
0.11	9.6096e-01
0.12	9.5696e-01
0.13	9.5320e-01
0.14	9.4918e-01
0.15	9.4510e-01
0.16	9.4095e-01
0.17	9.3688e-01
0.18	9.3270e-01
0.19	9.2858e-01
0.20	9.2453e-01
0.21	9.2018e-01
0.22	9.1592e-01
0.23	9.1176e-01
0.24	9.0729e-01
0.25	9.0299e-01
0.26	8.9874e-01
0.27	8.9437e-01
0.28	8.9016e-01
0.29	8.8568e-01
0.30	8.8129e-01
0.31	8.7679e-01
0.32	8.7231e-01
0.33	8.6786e-01
0.34	8.6339e-01
0.35	8.5887e-01
0.36	8.5436e-01
0.37	8.4982e-01
0.38	8.4534e-01
0.39	8.4085e-01
0.40	8.3632e-01
0.41	8.3179e-01
0.42	8.2727e-01
0.43	8.2268e-01
0.44	8.1821e-01
0.45	8.1366e-01
0.46	8.0906e-01
0.47	8.0449e-01
0.48	7.9994e-01
0.49	7.9542e-01
0.50	7.9100e-01
0.51	7.8572e-01
0.52	7.8157e-01
0.53	7.7714e-01
0.54	7.7260e-01
0.55	7.6803e-01
0.56	7.6355e-01
0.57	7.5911e-01
0.58	7.5456e-01
0.59	7.4998e-01
0.60	7.4548e-01
0.61	7.4095e-01
0.62	7.3649e-01
0.63	7.3201e-01
0.64	7.2756e-01
0.65	7.2309e-01
0.66	7.1862e-01
0.67	7.1416e-01
0.68	7.0968e-01
0.69	7.0528e-01
0.70	7.0081e-01
0.71	6.9641e-01
0.72	6.9203e-01
0.73	6.8761e-01
0.74	6.8327e-01
0.75	6.7886e-01
0.76	6.7452e-01
0.77	6.7015e-01
0.78	6.6585e-01
0.79	6.6151e-01
0.80	6.5719e-01
0.81	6.5285e-01
0.82	6.4861e-01
0.83	6.4432e-01
0.84	6.4006e-01
0.85	6.3579e-01
0.86	6.3155e-01
0.87	6.2734e-01
0.88	6.2314e-01
0.89	6.1896e-01
0.90	6.1475e-01
0.91	6.1059e-01
0.92	6.0645e-01
0.93	6.0230e-01
0.94	5.9818e-01
0.95	5.9405e-01
0.96	5.8993e-01
0.97	5.8585e-01
0.98	5.8181e-01
0.99	5.7777e-01
1.00	5.7371e-01
1.01	5.6970e-01
1.02	5.6567e-01
1.03	5.6172e-01
1.04	5.5776e-01
1.05	5.5380e-01
1.06	5.4985e-01
1.07	5.4596e-01
1.08	5.4209e-01
1.09	5.3821e-01
1.10	5.3435e-01
1.11	5.3050e-01
1.12	5.2666e-01
1.13	5.2291e-01
1.14	5.1912e-01
1.15	5.1534e-01
1.16	5.1155e-01
1.17	5.0785e-01
1.18	5.0416e-01
1.19	5.0047e-01
1.20	4.9671e-01
1.21	4.9308e-01
1.22	4.8945e-01
1.23	4.8578e-01
1.24	4.8211e-01
1.25	4.7853e-01
1.26	4.7497e-01
1.27	4.7137e-01
1.28	4.6784e-01
1.29	4.6433e-01
1.30	4.6079e-01
1.31	4.5729e-01
1.32	4.5385e-01
1.33	4.5034e-01
1.34	4.4685e-01
1.35	4.4345e-01
1.36	4.4000e-01
1.37	4.3659e-01
1.38	4.3323e-01
1.39	4.2986e-01
1.40	4.2651e-01
1.41	4.2317e-01
1.42	4.1980e-01
1.43	4.1654e-01
1.44	4.1323e-01
1.45	4.0993e-01
1.46	4.0670e-01
1.47	4.0350e-01
1.48	4.0024e-01
1.49	3.9698e-01
1.50	3.9378e-01
1.51	3.9061e-01
1.52	3.8738e-01
1.53	3.8431e-01
1.54	3.8112e-01
1.55	3.7805e-01
1.56	3.7491e-01
1.57	3.7185e-01
1.58	3.6874e-01
1.59	3.6570e-01
1.60	3.6263e-01
1.61	3.5963e-01
1.62	3.5657e-01
1.63	3.5360e-01
1.64	3.5060e-01
1.65	3.4767e-01
1.66	3.4467e-01
1.67	3.4178e-01
1.68	3.3883e-01
1.69	3.3593e-01
1.70	3.3306e-01
1.71	3.3018e-01
1.72	3.2732e-01
1.73	3.2444e-01
1.74	3.2167e-01
1.75	3.1885e-01
1.76	3.1604e-01
1.77	3.1327e-01
1.78	3.1050e-01
1.79	3.0773e-01
1.80	3.0503e-01
1.81	3.0232e-01
1.82	2.9960e-01
1.83	2.9692e-01
1.84	2.9426e-01
1.85	2.9159e-01
1.86	2.8895e-01
1.87	2.8634e-01
1.88	2.8373e-01
1.89	2.8113e-01
1.90	2.7855e-01
1.91	2.7599e-01
1.92	2.7345e-01
1.93	2.7089e-01
1.94	2.6838e-01
1.95	2.6589e-01
1.96	2.6341e-01
1.97	2.6093e-01
1.98	2.5847e-01
1.99	2.5603e-01
2.00	2.5361e-01
2.01	2.5116e-01
2.02	2.4879e-01
2.03	2.4640e-01
2.04	2.4404e-01
2.05	2.4168e-01
2.06	2.3935e-01
2.07	2.3701e-01
2.08	2.3471e-01
2.09	2.3241e-01
2.10	2.3013e-01
2.11	2.2785e-01
2.12	2.2559e-01
2.13	2.2337e-01
2.14	2.2116e-01
2.15	2.1894e-01
2.16	2.1675e-01
2.17	2.1458e-01
2.18	2.1242e-01
2.19	2.1026e-01
2.20	2.0812e-01
2.21	2.0600e-01
2.22	2.0391e-01
2.23	2.0181e-01
2.24	1.9972e-01
2.25	1.9767e-01
2.26	1.9562e-01
2.27	1.9359e-01
2.28	1.9157e-01
2.29	1.8957e-01
2.30	1.8760e-01
2.31	1.8562e-01
2.32	1.8366e-01
2.33	1.8171e-01
2.34	1.7978e-01
2.35	1.7787e-01
2.36	1.7596e-01
2.37	1.7408e-01
2.38	1.7221e-01
2.39	1.7036e-01
2.40	1.6850e-01
2.41	1.6668e-01
2.42	1.6486e-01
2.43	1.6306e-01
2.44	1.6126e-01
2.45	1.5948e-01
2.46	1.5773e-01
2.47	1.5597e-01
2.48	1.5425e-01
2.49	1.5254e-01
2.50	1.5083e-01
2.51	1.4915e-01
2.52	1.4745e-01
2.53	1.4579e-01
2.54	1.4414e-01
2.55	1.4249e-01
2.56	1.4087e-01
2.57	1.3928e-01
2.58	1.3768e-01
2.59	1.3608e-01
2.60	1.3452e-01
2.61	1.3295e-01
2.62	1.3142e-01
2.63	1.2990e-01
2.64	1.2838e-01
2.65	1.2687e-01
2.66	1.2537e-01
2.67	1.2392e-01
2.68	1.2246e-01
2.69	1.2100e-01
2.70	1.1955e-01
2.71	1.1815e-01
2.72	1.1673e-01
2.73	1.1532e-01
2.74	1.1396e-01
2.75	1.1258e-01
2.76	1.1121e-01
2.77	1.0988e-01
2.78	1.0854e-01
2.79	1.0720e-01
2.80	1.0592e-01
2.81	1.0460e-01
2.82	1.0334e-01
2.83	1.0206e-01
2.84	1.0081e-01
2.85	9.9574e-02
2.86	9.8323e-02
2.87	9.7091e-02
2.88	9.5880e-02
2.89	9.4674e-02
2.90	9.3503e-02
2.91	9.2309e-02
2.92	9.1157e-02
2.93	9.0000e-02
2.94	8.8854e-02
2.95	8.7732e-02
2.96	8.6615e-02
2.97	8.5492e-02
2.98	8.4404e-02
2.99	8.3330e-02
3.00	8.2252e-02
3.01	8.1190e-02
3.02	8.0131e-02
3.03	7.9098e-02
3.04	7.8069e-02
3.05	7.7057e-02
3.06	7.6050e-02
3.07	7.5051e-02
3.08	7.4065e-02
3.09	7.3082e-02
3.10	7.2122e-02
3.11	7.1168e-02
3.12	7.0222e-02
3.13	6.9292e-02
3.14	6.8372e-02
3.15	6.7453e-02
3.16	6.6544e-02
3.17	6.5661e-02
3.18	6.4768e-02
3.19	6.3899e-02
3.20	6.3033e-02
3.21	6.2177e-02
3.22	6.1331e-02
3.23	6.0500e-02
3.24	5.9665e-02
3.25	5.8854e-02
3.26	5.8048e-02
3.27	5.7249e-02
3.28	5.6458e-02
3.29	5.5677e-02
3.30	5.4899e-02
3.31	5.4137e-02
3.32	5.3385e-02
3.33	5.2638e-02
3.34	5.1901e-02
3.35	5.1170e-02
3.36	5.0456e-02
3.37	4.9742e-02
3.38	4.9037e-02
3.39	4.8343e-02
3.40	4.7654e-02
3.41	4.6981e-02
3.42	4.6304e-02
3.43	4.5644e-02
3.44	4.4987e-02
3.45	4.4342e-02
3.46	4.3700e-02
3.47	4.3068e-02
3.48	4.2442e-02
3.49	4.1816e-02
3.50	4.1213e-02
3.51	4.0615e-02
3.52	4.0014e-02
3.53	3.9419e-02
3.54	3.8851e-02
3.55	3.8266e-02
3.56	3.7706e-02
3.57	3.7137e-02
3.58	3.6591e-02
3.59	3.6045e-02
3.60	3.5500e-02
3.61	3.4965e-02
3.62	3.4439e-02
3.63	3.3919e-02
3.64	3.3404e-02
3.65	3.2892e-02
3.66	3.2397e-02
3.67	3.1900e-02
3.68	3.1406e-02
3.69	3.0928e-02
3.70	3.0445e-02
3.71	2.9975e-02
3.72	4.2713e-02
3.73	2.9048e-02
3.74	2.8596e-02
3.75	2.8142e-02
3.76	2.7699e-02
3.77	2.7263e-02
3.78	2.6827e-02
3.79	2.6403e-02
3.80	2.5981e-02
3.81	2.5566e-02
3.82	2.5153e-02
3.83	2.4746e-02
3.84	2.4344e-02
3.85	2.3950e-02
3.86	2.3558e-02
3.87	2.3170e-02
3.88	2.2789e-02
3.89	2.2410e-02
3.90	2.2042e-02
3.91	2.1675e-02
3.92	2.1310e-02
3.93	2.0951e-02
3.94	2.0598e-02
3.95	2.0249e-02
3.96	1.9905e-02
3.97	1.9563e-02
3.98	1.9224e-02
3.99	1.8895e-02
4.00	1.8655e-02
4.01	2.3852e-02
4.02	2.3528e-02
4.03	2.3208e-02
4.04	2.2950e-02
4.05	2.2582e-02
4.06	2.2276e-02
4.07	2.1973e-02
4.08	2.1724e-02
4.09	2.1376e-02
4.10	2.1082e-02
4.11	2.0794e-02
4.12	2.0510e-02
4.13	2.0227e-02
4.14	1.9947e-02
4.15	1.9676e-02
4.16	1.9406e-02
4.17	1.9191e-02
4.18	1.8875e-02
4.19	1.8615e-02
4.20	1.8357e-02
4.21	1.8104e-02
4.22	1.7854e-02
4.23	1.7606e-02
4.24	1.7361e-02
4.25	1.7118e-02
4.26	1.6881e-02
4.27	1.6645e-02
4.28	1.6413e-02
4.29	1.6231e-02
4.30	1.5958e-02
4.31	1.5779e-02
4.32	1.5559e-02
4.33	1.5296e-02
4.34	1.5125e-02
4.35	1.4913e-02
4.36	1.4659e-02
4.37	1.4453e-02
4.38	1.4289e-02
4.39	1.4088e-02
4.40	1.3887e-02
4.41	1.3648e-02
4.42	1.3455e-02
4.43	1.3262e-02
4.44	1.3114e-02
4.45	1.2926e-02
4.46	1.2741e-02
4.47	1.2558e-02
4.48	1.2378e-02
4.49	1.2198e-02
4.50	1.2023e-02
4.51	1.1811e-02
4.52	1.1678e-02
4.53	1.1508e-02
4.54	1.1339e-02
4.55	1.1174e-02
4.56	1.1013e-02
4.57	1.0848e-02
4.58	1.0691e-02
4.59	1.0534e-02
4.60	1.0377e-02
4.61	1.0225e-02
4.62	1.0073e-02
4.63	9.9238e-03
4.64	9.7754e-03
4.65	9.6288e-03
4.66	9.4851e-03
4.67	9.3778e-03
4.68	9.2002e-03
4.69	9.0636e-03
4.70	8.9603e-03
4.71	8.8243e-03
4.72	8.6575e-03
4.73	8.5252e-03
4.74	8.3936e-03
4.75	8.2647e-03
4.76	8.1369e-03
4.77	8.0425e-03
4.78	7.9181e-03
4.79	7.7959e-03
4.80	7.6427e-03
4.81	7.5233e-03
4.82	7.4349e-03
4.83	7.2879e-03
4.84	7.2020e-03
4.85	7.0582e-03
4.86	6.9750e-03
4.87	6.8634e-03
4.88	6.7252e-03
4.89	6.6444e-03
4.90	6.5366e-03
4.91	6.4312e-03
4.92	6.3256e-03
4.93	6.1798e-03
4.94	6.1731e-03
4.95	6.0059e-03
4.96	5.9117e-03
4.97	5.8128e-03
4.98	5.7145e-03
4.99	5.6177e-03
