# redshift	 global evolution factor
0.00	1.0000e+00
0.01	9.9688e-01
0.02	9.9304e-01
0.03	9.9010e-01
0.04	9.8667e-01
0.05	9.8300e-01
0.06	9.7951e-01
0.07	9.7629e-01
0.08	9.7253e-01
0.09	9.6897e-01
0.10	9.6529e-01
0.11	9.6161e-01
0.12	9.5798e-01
0.13	9.5402e-01
0.14	9.5023e-01
0.15	9.4640e-01
0.16	9.4278e-01
0.17	9.3862e-01
0.18	9.3479e-01
0.19	9.3099e-01
0.20	9.2671e-01
0.21	9.2291e-01
0.22	9.1895e-01
0.23	9.1466e-01
0.24	9.1072e-01
0.25	9.0651e-01
0.26	9.0244e-01
0.27	8.9862e-01
0.28	8.9422e-01
0.29	8.9029e-01
0.30	8.8579e-01
0.31	8.8176e-01
0.32	8.7755e-01
0.33	8.7312e-01
0.34	8.6905e-01
0.35	8.6456e-01
0.36	8.5998e-01
0.37	8.5595e-01
0.38	8.5132e-01
0.39	8.4707e-01
0.40	8.4285e-01
0.41	8.3826e-01
0.42	8.3407e-01
0.43	8.2953e-01
0.44	8.2496e-01
0.45	8.2068e-01
0.46	8.1647e-01
0.47	8.1166e-01
0.48	8.0728e-01
0.49	8.0268e-01
0.50	7.9790e-01
0.51	7.9366e-01
0.52	7.8908e-01
0.53	7.8446e-01
0.54	7.7982e-01
0.55	7.7537e-01
0.56	7.7072e-01
0.57	7.6622e-01
0.58	7.6127e-01
0.59	7.5690e-01
0.60	7.5219e-01
0.61	7.4794e-01
0.62	7.4341e-01
0.63	7.3879e-01
0.64	7.3411e-01
0.65	7.2922e-01
0.66	7.2463e-01
0.67	7.2007e-01
0.68	7.1565e-01
0.69	7.1130e-01
0.70	7.0636e-01
0.71	7.0153e-01
0.72	6.9711e-01
0.73	6.9249e-01
0.74	6.8772e-01
0.75	6.8305e-01
0.76	6.7853e-01
0.77	6.7372e-01
0.78	6.6907e-01
0.79	6.6446e-01
0.80	6.5998e-01
0.81	6.5535e-01
0.82	6.5084e-01
0.83	6.4639e-01
0.84	6.4158e-01
0.85	6.3715e-01
0.86	6.3240e-01
0.87	6.2791e-01
0.88	6.2314e-01
0.89	6.1856e-01
0.90	6.1406e-01
0.91	6.0969e-01
0.92	6.0486e-01
0.93	6.0033e-01
0.94	5.9597e-01
0.95	5.9127e-01
0.96	5.8671e-01
0.97	5.8211e-01
0.98	5.7790e-01
0.99	5.7332e-01
1.00	5.6876e-01
1.01	5.6442e-01
1.02	5.5998e-01
1.03	5.5552e-01
1.04	5.5090e-01
1.05	5.4662e-01
1.06	5.4230e-01
1.07	5.3787e-01
1.08	5.3362e-01
1.09	5.2907e-01
1.10	5.2465e-01
1.11	5.2059e-01
1.12	5.1637e-01
1.13	5.1209e-01
1.14	5.0767e-01
1.15	5.0360e-01
1.16	4.9919e-01
1.17	4.9498e-01
1.18	4.9074e-01
1.19	4.8675e-01
1.20	4.8255e-01
1.21	4.7841e-01
1.22	4.7428e-01
1.23	4.7020e-01
1.24	4.6612e-01
1.25	4.6206e-01
1.26	4.5798e-01
1.27	4.5395e-01
1.28	4.4997e-01
1.29	4.4601e-01
1.30	4.4205e-01
1.31	4.3810e-01
1.32	4.3414e-01
1.33	4.3031e-01
1.34	4.2639e-01
1.35	4.2257e-01
1.36	4.1872e-01
1.37	4.1494e-01
1.38	4.1114e-01
1.39	4.0737e-01
1.40	4.0362e-01
1.41	3.9993e-01
1.42	3.9623e-01
1.43	3.9256e-01
1.44	3.8891e-01
1.45	3.8526e-01
1.46	3.8164e-01
1.47	3.7810e-01
1.48	3.7454e-01
1.49	3.7103e-01
1.50	3.6750e-01
1.51	3.6401e-01
1.52	3.6055e-01
1.53	3.5713e-01
1.54	3.5370e-01
1.55	3.5030e-01
1.56	3.4694e-01
1.57	3.4362e-01
1.58	3.4026e-01
1.59	3.3697e-01
1.60	3.3371e-01
1.61	3.3045e-01
1.62	3.2725e-01
1.63	3.2404e-01
1.64	3.2081e-01
1.65	3.1773e-01
1.66	3.1457e-01
1.67	3.1146e-01
1.68	3.0838e-01
1.69	3.0530e-01
1.70	3.0229e-01
1.71	2.9927e-01
1.72	2.9634e-01
1.73	2.9331e-01
1.74	2.9037e-01
1.75	2.8746e-01
1.76	2.8455e-01
1.77	2.8172e-01
1.78	2.7887e-01
1.79	2.7606e-01
1.80	2.7323e-01
1.81	2.7042e-01
1.82	2.6767e-01
1.83	2.6492e-01
1.84	2.6222e-01
1.85	2.5952e-01
1.86	2.5682e-01
1.87	2.5418e-01
1.88	2.5157e-01
1.89	2.4898e-01
1.90	2.4639e-01
1.91	2.4383e-01
1.92	2.4126e-01
1.93	2.3873e-01
1.94	2.3627e-01
1.95	2.3385e-01
1.96	2.3134e-01
1.97	2.2888e-01
1.98	2.2648e-01
1.99	2.2413e-01
2.00	2.2175e-01
2.01	2.1940e-01
2.02	2.1706e-01
2.03	2.1477e-01
2.04	2.1247e-01
2.05	2.1018e-01
2.06	2.0794e-01
2.07	2.0570e-01
2.08	2.0350e-01
2.09	2.0130e-01
2.10	1.9912e-01
2.11	1.9700e-01
2.12	1.9483e-01
2.13	1.9278e-01
2.14	1.9063e-01
2.15	1.8856e-01
2.16	1.8649e-01
2.17	1.8447e-01
2.18	1.8243e-01
2.19	1.8044e-01
2.20	1.7842e-01
2.21	1.7649e-01
2.22	1.7451e-01
2.23	1.7260e-01
2.24	1.7067e-01
2.25	1.6878e-01
2.26	1.6692e-01
2.27	1.6507e-01
2.28	1.6320e-01
2.29	1.6139e-01
2.30	1.5958e-01
2.31	1.5774e-01
2.32	1.5601e-01
2.33	1.5422e-01
2.34	1.5245e-01
2.35	1.5072e-01
2.36	1.4900e-01
2.37	1.4732e-01
2.38	1.4565e-01
2.39	1.4395e-01
2.40	1.4228e-01
2.41	1.4072e-01
2.42	1.3902e-01
2.43	1.3747e-01
2.44	1.3583e-01
2.45	1.3429e-01
2.46	1.3267e-01
2.47	1.3118e-01
2.48	1.2961e-01
2.49	1.2809e-01
2.50	1.2662e-01
2.51	1.2508e-01
2.52	1.2361e-01
2.53	1.2218e-01
2.54	1.2071e-01
2.55	1.1926e-01
2.56	1.1784e-01
2.57	1.1642e-01
2.58	1.1502e-01
2.59	1.1366e-01
2.60	1.1229e-01
2.61	1.1091e-01
2.62	1.0959e-01
2.63	1.0826e-01
2.64	1.0693e-01
2.65	1.0561e-01
2.66	1.0431e-01
2.67	1.0303e-01
2.68	1.0175e-01
2.69	1.0048e-01
2.70	9.9224e-02
2.71	9.8013e-02
2.72	9.6784e-02
2.73	9.5551e-02
2.74	9.4348e-02
2.75	9.3178e-02
2.76	9.2002e-02
2.77	9.0799e-02
2.78	8.9653e-02
2.79	8.8515e-02
2.80	8.7382e-02
2.81	8.6222e-02
2.82	8.5157e-02
2.83	8.4046e-02
2.84	8.2935e-02
2.85	8.1851e-02
2.86	8.0751e-02
2.87	7.9739e-02
2.88	7.8668e-02
2.89	7.7636e-02
2.90	7.6580e-02
2.91	7.5540e-02
2.92	7.4525e-02
2.93	7.3513e-02
2.94	7.2503e-02
2.95	7.1527e-02
2.96	7.0519e-02
2.97	6.9546e-02
2.98	6.8582e-02
2.99	6.7625e-02
3.00	6.6706e-02
3.01	6.5800e-02
3.02	6.4889e-02
3.03	6.3971e-02
3.04	6.3132e-02
3.05	6.2269e-02
3.06	6.1405e-02
3.07	6.0586e-02
3.08	5.9735e-02
3.09	5.8961e-02
3.10	5.8151e-02
3.11	5.7390e-02
3.12	5.6580e-02
3.13	5.5863e-02
3.14	5.5076e-02
3.15	5.4385e-02
3.16	5.3623e-02
3.17	5.2934e-02
3.18	5.2212e-02
3.19	5.1532e-02
3.20	5.0855e-02
3.21	5.0186e-02
3.22	4.9537e-02
3.23	4.8869e-02
3.24	4.8241e-02
3.25	4.7609e-02
3.26	4.6978e-02
3.27	4.6393e-02
3.28	4.5761e-02
3.29	4.5171e-02
3.30	4.4604e-02
3.31	4.4025e-02
3.32	4.3447e-02
3.33	4.2902e-02
3.34	4.2352e-02
3.35	4.1810e-02
3.36	4.1274e-02
3.37	4.0746e-02
3.38	4.0229e-02
3.39	3.9715e-02
3.40	3.9218e-02
3.41	3.8723e-02
3.42	3.8233e-02
3.43	3.7750e-02
3.44	3.7277e-02
3.45	3.6810e-02
3.46	3.6350e-02
3.47	3.5897e-02
3.48	3.5450e-02
3.49	3.5010e-02
3.50	3.4570e-02
3.51	3.4143e-02
3.52	3.3720e-02
3.53	3.3305e-02
3.54	3.2893e-02
3.55	3.2491e-02
3.56	3.2090e-02
3.57	3.1701e-02
3.58	3.1311e-02
3.59	3.0926e-02
3.60	3.0551e-02
3.61	3.0178e-02
3.62	2.9814e-02
3.63	2.9453e-02
3.64	2.9096e-02
3.65	2.8740e-02
3.66	2.8400e-02
3.67	2.8056e-02
3.68	2.7718e-02
3.69	2.7386e-02
3.70	2.7058e-02
3.71	2.6735e-02
3.72	2.6416e-02
3.73	2.6101e-02
3.74	2.5790e-02
3.75	2.5483e-02
3.76	2.5184e-02
3.77	2.4883e-02
3.78	2.4591e-02
3.79	2.4301e-02
3.80	2.4016e-02
3.81	2.3736e-02
3.82	2.3458e-02
3.83	2.3180e-02
3.84	2.2910e-02
3.85	2.2643e-02
3.86	2.2378e-02
3.87	2.2117e-02
3.88	2.1861e-02
3.89	2.1607e-02
3.90	2.1356e-02
3.91	2.1113e-02
3.92	2.0866e-02
3.93	2.0625e-02
3.94	2.0390e-02
3.95	2.0155e-02
3.96	1.9925e-02
3.97	1.9695e-02
3.98	1.9471e-02
3.99	1.9248e-02
4.00	1.9031e-02
4.01	1.8811e-02
4.02	1.8600e-02
4.03	1.8388e-02
4.04	1.8181e-02
4.05	1.7970e-02
4.06	1.7770e-02
4.07	1.7571e-02
4.08	1.7375e-02
4.09	1.7176e-02
4.10	1.6983e-02
4.11	1.6794e-02
4.12	1.6605e-02
4.13	1.6422e-02
4.14	1.6235e-02
4.15	1.6055e-02
4.16	1.5877e-02
4.17	1.5700e-02
4.18	1.5526e-02
4.19	1.5353e-02
4.20	1.5186e-02
4.21	1.5016e-02
4.22	1.4851e-02
4.23	1.4686e-02
4.24	1.4524e-02
4.25	1.4367e-02
4.26	1.4208e-02
4.27	1.4050e-02
4.28	1.3899e-02
4.29	1.3746e-02
4.30	1.3594e-02
4.31	1.3447e-02
4.32	1.3302e-02
4.33	1.3155e-02
4.34	1.3015e-02
4.35	1.2869e-02
4.36	1.2730e-02
4.37	1.2597e-02
4.38	1.2458e-02
4.39	1.2323e-02
4.40	1.2188e-02
4.41	1.2060e-02
4.42	1.1929e-02
4.43	1.1799e-02
4.44	1.1674e-02
4.45	1.1549e-02
4.46	1.1423e-02
4.47	1.1301e-02
4.48	1.1180e-02
4.49	1.1062e-02
4.50	1.0945e-02
4.51	1.0826e-02
4.52	1.0713e-02
4.53	1.0597e-02
4.54	1.0488e-02
4.55	1.0375e-02
4.56	1.0266e-02
4.57	1.0155e-02
4.58	1.0046e-02
4.59	9.9423e-03
4.60	9.8352e-03
4.61	9.7318e-03
4.62	9.6299e-03
4.63	9.5295e-03
4.64	9.4299e-03
4.65	9.3276e-03
4.66	9.2312e-03
4.67	9.1371e-03
4.68	9.0394e-03
4.69	8.9411e-03
4.70	8.8504e-03
4.71	8.7553e-03
4.72	8.6683e-03
4.73	8.5743e-03
4.74	8.4893e-03
4.75	8.3995e-03
4.76	8.3104e-03
4.77	8.2261e-03
4.78	8.1409e-03
4.79	8.0536e-03
4.80	7.9714e-03
4.81	7.8888e-03
4.82	7.8085e-03
4.83	7.7266e-03
4.84	7.6448e-03
4.85	7.5648e-03
4.86	7.4893e-03
4.87	7.4107e-03
4.88	7.3345e-03
4.89	7.2574e-03
4.90	7.1863e-03
4.91	7.1106e-03
4.92	7.0369e-03
4.93	6.9650e-03
4.94	6.8944e-03
4.95	6.8241e-03
4.96	6.7523e-03
4.97	6.6827e-03
4.98	6.6147e-03
4.99	6.5498e-03
5.00	6.4781e-03
