# Average interaction rate for elastic scattering of Blackbody_2400.0eV photons off nuclei
# Scale with Z*N/A for nuclei
# 1/lambda [1/Mpc] for log10(gamma) = 6-14 in 201 steps
6.85334e+13
5.7062e+13
4.75065e+13
3.95479e+13
3.29201e+13
2.74012e+13
2.2806e+13
1.89804e+13
1.57957e+13
1.31448e+13
1.09382e+13
9.10175e+12
7.57332e+12
6.30136e+12
5.24287e+12
4.36206e+12
3.62914e+12
3.01929e+12
2.51188e+12
2.0897e+12
1.73845e+12
1.44621e+12
1.20308e+12
1.00082e+12
8.32546e+11
6.9256e+11
5.76105e+11
4.79228e+11
3.98639e+11
3.31599e+11
2.75832e+11
2.29442e+11
1.90853e+11
1.58753e+11
1.32051e+11
1.0984e+11
9.1365e+10
7.5997e+10
6.32137e+10
5.25805e+10
4.37358e+10
3.63788e+10
3.02593e+10
2.51691e+10
2.09351e+10
1.74134e+10
1.44841e+10
1.20475e+10
1.00208e+10
8.33506e+09
6.93288e+09
5.76657e+09
4.79647e+09
3.98957e+09
3.3184e+09
2.76015e+09
2.2958e+09
1.90958e+09
1.58833e+09
1.32112e+09
1.09886e+09
9.13999e+08
7.60234e+08
6.32337e+08
5.25957e+08
4.37473e+08
3.63875e+08
3.02659e+08
2.51741e+08
2.0939e+08
1.74163e+08
1.44863e+08
1.20492e+08
1.00221e+08
8.33602e+07
6.9336e+07
5.76713e+07
4.79689e+07
3.98988e+07
3.31864e+07
2.76033e+07
2.29594e+07
1.90968e+07
1.58841e+07
1.32118e+07
1.09891e+07
9.14034e+06
7.6026e+06
6.32357e+06
5.25972e+06
4.37485e+06
3.63884e+06
3.02666e+06
2.51746e+06
2.09394e+06
1.74166e+06
1.44865e+06
1.20493e+06
1.00222e+06
833611
693368
576718
479693
398992
331867
276035
229596
190969
158841
132119
109891
91403.7
76026.3
63235.9
52597.4
43748.6
36388.5
30266.6
25174.7
20939.4
17416.6
14486.5
12049.4
10022.2
8336.12
6933.68
5767.19
4796.94
3989.92
3318.67
2760.35
2295.96
1909.7
1588.42
1321.19
1098.91
914.038
760.263
632.36
525.974
437.486
363.885
302.666
251.747
209.394
174.166
144.865
120.494
100.222
83.3612
69.3368
57.6719
47.9694
39.8992
33.1867
27.6035
22.9596
19.097
15.8842
13.2119
10.9891
9.14038
7.60263
6.3236
5.25974
4.37486
3.63885
3.02666
2.51747
2.09394
1.74166
1.44865
1.20494
1.00222
0.833612
0.693368
0.576719
0.479694
0.398992
0.331867
0.276035
0.229596
0.19097
0.158842
0.132119
0.109891
0.0914038
0.0760263
0.063236
0.0525974
0.0437486
0.0363885
0.0302666
0.0251747
0.0209394
0.0174166
0.0144865
0.0120494
0.0100222
0.00833612
0.00693368
