# EMDoublePairProduction interaction rates
# photon field: cosmic infrared and optical background radiation (best) model of Dominguez et al. 2011 (arXiv:1007.1459)
# log10(E/eV), 1/lambda [1/Mpc]
10.95	3.36218e-23
11.00	2.809e-19
11.05	1.91509e-17
11.10	3.05559e-16
11.15	2.51081e-15
11.20	1.32872e-14
11.25	5.24666e-14
11.30	1.66425e-13
11.35	4.48882e-13
11.40	1.06539e-12
11.45	2.28585e-12
11.50	4.5145e-12
11.55	8.32651e-12
11.60	1.44913e-11
11.65	2.4005e-11
11.70	3.81085e-11
11.75	5.83362e-11
11.80	8.65679e-11
11.85	1.25152e-10
11.90	1.77055e-10
11.95	2.46089e-10
12.00	3.37169e-10
12.05	4.56626e-10
12.10	6.12536e-10
12.15	8.15046e-10
12.20	1.07669e-09
12.25	1.41259e-09
12.30	1.8407e-09
12.35	2.38179e-09
12.40	3.0594e-09
12.45	3.89957e-09
12.50	4.93045e-09
12.55	6.18154e-09
12.60	7.68293e-09
12.65	9.46399e-09
12.70	1.15524e-08
12.75	1.39726e-08
12.80	1.67449e-08
12.85	1.98841e-08
12.90	2.33992e-08
12.95	2.72923e-08
13.00	3.15601e-08
13.05	3.61922e-08
13.10	4.11754e-08
13.15	4.64936e-08
13.20	5.21315e-08
13.25	5.80754e-08
13.30	6.43177e-08
13.35	7.08559e-08
13.40	7.76965e-08
13.45	8.48529e-08
13.50	9.23485e-08
13.55	1.00214e-07
13.60	1.08493e-07
13.65	1.17239e-07
13.70	1.26527e-07
13.75	1.36453e-07
13.80	1.47159e-07
13.85	1.58836e-07
13.90	1.71776e-07
13.95	1.86395e-07
14.00	2.03311e-07
14.05	2.23401e-07
14.10	2.47907e-07
14.15	2.78513e-07
14.20	3.17475e-07
14.25	3.67698e-07
14.30	4.32847e-07
14.35	5.17381e-07
14.40	6.26594e-07
14.45	7.66537e-07
14.50	9.43918e-07
14.55	1.16586e-06
14.60	1.43965e-06
14.65	1.77232e-06
14.70	2.17033e-06
14.75	2.63908e-06
14.80	3.18259e-06
14.85	3.80316e-06
14.90	4.50119e-06
14.95	5.27503e-06
15.00	6.12104e-06
15.05	7.03371e-06
15.10	8.00589e-06
15.15	9.02905e-06
15.20	1.00936e-05
15.25	1.11894e-05
15.30	1.23059e-05
15.35	1.34323e-05
15.40	1.45587e-05
15.45	1.56753e-05
15.50	1.67736e-05
15.55	1.78453e-05
15.60	1.88847e-05
15.65	1.98851e-05
15.70	2.08434e-05
15.75	2.17548e-05
15.80	2.26188e-05
15.85	2.34178e-05
15.90	2.41802e-05
15.95	2.48911e-05
16.00	2.55542e-05
16.05	2.61677e-05
16.10	2.67368e-05
16.15	2.72593e-05
16.20	2.77418e-05
16.25	2.8182e-05
16.30	2.85873e-05
16.35	2.89547e-05
16.40	2.92922e-05
16.45	2.95964e-05
16.50	2.98756e-05
16.55	3.01257e-05
16.60	3.03553e-05
16.65	3.05598e-05
16.70	3.07478e-05
16.75	3.09142e-05
16.80	3.10674e-05
16.85	3.12021e-05
16.90	3.13269e-05
16.95	3.14356e-05
17.00	3.15368e-05
17.05	3.16241e-05
17.10	3.17063e-05
17.15	3.17763e-05
17.20	3.18427e-05
17.25	3.18987e-05
17.30	3.19527e-05
17.35	3.19973e-05
17.40	3.20409e-05
17.45	3.20764e-05
17.50	3.2112e-05
17.55	3.21401e-05
17.60	3.2169e-05
17.65	3.21912e-05
17.70	3.2215e-05
17.75	3.22324e-05
17.80	3.22518e-05
17.85	3.22655e-05
17.90	3.22816e-05
17.95	3.22923e-05
18.00	3.22854e-05
18.05	3.22978e-05
18.10	3.23049e-05
18.15	3.23155e-05
18.20	3.23208e-05
18.25	3.23297e-05
18.30	3.23336e-05
18.35	3.23414e-05
18.40	3.23443e-05
18.45	3.23511e-05
18.50	3.23531e-05
18.55	3.23591e-05
18.60	3.23604e-05
18.65	3.23656e-05
18.70	3.23664e-05
18.75	3.23714e-05
18.80	3.23717e-05
18.85	3.23761e-05
18.90	3.2376e-05
18.95	3.23802e-05
19.00	3.23798e-05
19.05	3.23836e-05
19.10	3.23831e-05
19.15	3.23869e-05
19.20	3.23862e-05
19.25	3.23896e-05
19.30	3.23886e-05
19.35	3.23921e-05
19.40	3.2391e-05
19.45	3.23942e-05
19.50	3.23931e-05
19.55	3.23964e-05
19.60	3.23953e-05
19.65	3.23983e-05
19.70	3.2397e-05
19.75	3.24001e-05
19.80	3.23989e-05
19.85	3.24018e-05
19.90	3.24005e-05
19.95	3.24036e-05
20.00	3.24023e-05
20.05	3.24051e-05
20.10	3.2355e-05
20.15	3.23581e-05
20.20	3.23568e-05
20.25	3.23597e-05
20.30	3.23584e-05
20.35	3.23614e-05
20.40	3.23601e-05
20.45	3.2363e-05
20.50	3.23617e-05
20.55	3.23647e-05
20.60	3.23634e-05
20.65	3.23663e-05
20.70	3.2365e-05
20.75	3.2368e-05
20.80	3.23666e-05
20.85	3.23695e-05
20.90	3.23682e-05
20.95	3.23712e-05
21.00	3.23699e-05
21.05	3.23728e-05
21.10	3.23715e-05
21.15	3.23745e-05
21.20	3.23732e-05
21.25	3.23761e-05
21.30	3.23748e-05
21.35	3.23778e-05
21.40	3.23765e-05
21.45	3.23793e-05
21.50	3.2378e-05
21.55	3.23808e-05
21.60	3.23795e-05
21.65	3.23821e-05
21.70	3.23805e-05
21.75	3.23832e-05
21.80	3.23815e-05
21.85	3.23839e-05
21.90	3.23821e-05
21.95	3.23843e-05
22.00	3.23821e-05
22.05	3.23835e-05
22.10	3.23804e-05
22.15	3.2381e-05
22.20	3.23768e-05
22.25	3.23555e-05
22.30	3.23539e-05
22.35	3.23472e-05
22.40	3.23439e-05
22.45	3.23353e-05
22.50	3.233e-05
22.55	3.23195e-05
22.60	3.23127e-05
22.65	3.23008e-05
22.70	3.22928e-05
22.75	3.22803e-05
22.80	3.22725e-05
22.85	3.22606e-05
22.90	3.22535e-05
22.95	3.22426e-05
23.00	3.22369e-05
