# EMDoublePairProduction interaction rates
# photon field: cosmic infrared and optical background radiation (upper) model of Stecker et al. 2016 (arXiv:1605.01382)
# log10(E/eV), 1/lambda [1/Mpc]
10.90	2.28941e-23
10.95	3.01532e-19
11.00	2.64066e-17
11.05	4.7496e-16
11.10	3.96731e-15
11.15	2.10726e-14
11.20	8.3101e-14
11.25	2.65325e-13
11.30	7.22384e-13
11.35	1.73618e-12
11.40	3.77036e-12
11.45	7.53091e-12
11.50	1.40174e-11
11.55	2.45759e-11
11.60	4.09264e-11
11.65	6.52e-11
11.70	9.99468e-11
11.75	1.48183e-10
11.80	2.13447e-10
11.85	2.99944e-10
11.90	4.1275e-10
11.95	5.58075e-10
12.00	7.43584e-10
12.05	9.78664e-10
12.10	1.27486e-09
12.15	1.64618e-09
12.20	2.10968e-09
12.25	2.68562e-09
12.30	3.39779e-09
12.35	4.27294e-09
12.40	5.34058e-09
12.45	6.63137e-09
12.50	8.17683e-09
12.55	1.0007e-08
12.60	1.21505e-08
12.65	1.46323e-08
12.70	1.74744e-08
12.75	2.0693e-08
12.80	2.43016e-08
12.85	2.83069e-08
12.90	3.27137e-08
12.95	3.752e-08
13.00	4.27239e-08
13.05	4.83184e-08
13.10	5.43002e-08
13.15	6.06632e-08
13.20	6.741e-08
13.25	7.45435e-08
13.30	8.20802e-08
13.35	9.00404e-08
13.40	9.84631e-08
13.45	1.07395e-07
13.50	1.16906e-07
13.55	1.27076e-07
13.60	1.38014e-07
13.65	1.49845e-07
13.70	1.6273e-07
13.75	1.76858e-07
13.80	1.92474e-07
13.85	2.09877e-07
13.90	2.29452e-07
13.95	2.51685e-07
14.00	2.77207e-07
14.05	3.0684e-07
14.10	3.41674e-07
14.15	3.83157e-07
14.20	4.33188e-07
14.25	4.94227e-07
14.30	5.6935e-07
14.35	6.62287e-07
14.40	7.77368e-07
14.45	9.19436e-07
14.50	1.09364e-06
14.55	1.30523e-06
14.60	1.55925e-06
14.65	1.86026e-06
14.70	2.21205e-06
14.75	2.61741e-06
14.80	3.0779e-06
14.85	3.59374e-06
14.90	4.16382e-06
14.95	4.78559e-06
15.00	5.45531e-06
15.05	6.16801e-06
15.10	6.91789e-06
15.15	7.69821e-06
15.20	8.50192e-06
15.25	9.32138e-06
15.30	1.01493e-05
15.35	1.09779e-05
15.40	1.18007e-05
15.45	1.26107e-05
15.50	1.34029e-05
15.55	1.41713e-05
15.60	1.4913e-05
15.65	1.5623e-05
15.70	1.63008e-05
15.75	1.69422e-05
15.80	1.75326e-05
15.85	1.80987e-05
15.90	1.86297e-05
15.95	1.91226e-05
16.00	1.95821e-05
16.05	2.0005e-05
16.10	2.03977e-05
16.15	2.07563e-05
16.20	2.10882e-05
16.25	2.13891e-05
16.30	2.16671e-05
16.35	2.19174e-05
16.40	2.21483e-05
16.45	2.23549e-05
16.50	2.25459e-05
16.55	2.27153e-05
16.60	2.28721e-05
16.65	2.30103e-05
16.70	2.31388e-05
16.75	2.32509e-05
16.80	2.33557e-05
16.85	2.34462e-05
16.90	2.35317e-05
16.95	2.36045e-05
17.00	2.36739e-05
17.05	2.37323e-05
17.10	2.37888e-05
17.15	2.38354e-05
17.20	2.38813e-05
17.25	2.39184e-05
17.30	2.39559e-05
17.35	2.39853e-05
17.40	2.40159e-05
17.45	2.40392e-05
17.50	2.40642e-05
17.55	2.40826e-05
17.60	2.41031e-05
17.65	2.41175e-05
17.70	2.41346e-05
17.75	2.41458e-05
17.80	2.41599e-05
17.85	2.41685e-05
17.90	2.41805e-05
17.95	2.41698e-05
18.00	2.41753e-05
18.05	2.41848e-05
18.10	2.41889e-05
18.15	2.41972e-05
18.20	2.42002e-05
18.25	2.42074e-05
18.30	2.42094e-05
18.35	2.4216e-05
18.40	2.42172e-05
18.45	2.4223e-05
18.50	2.42237e-05
18.55	2.4229e-05
18.60	2.42292e-05
18.65	2.4234e-05
18.70	2.42339e-05
18.75	2.42385e-05
18.80	2.4238e-05
18.85	2.42422e-05
18.90	2.42415e-05
18.95	2.42457e-05
19.00	2.42448e-05
19.05	2.42487e-05
19.10	2.42476e-05
19.15	2.42514e-05
19.20	2.42502e-05
19.25	2.42538e-05
19.30	2.42524e-05
19.35	2.42561e-05
19.40	2.42547e-05
19.45	2.42581e-05
19.50	2.42566e-05
19.55	2.42601e-05
19.60	2.42586e-05
19.65	2.4262e-05
19.70	2.42605e-05
19.75	2.42639e-05
19.80	2.42624e-05
19.85	2.42657e-05
19.90	2.42642e-05
19.95	2.42675e-05
20.00	2.4266e-05
20.05	2.42169e-05
20.10	2.42154e-05
20.15	2.42188e-05
20.20	2.42173e-05
20.25	2.42206e-05
20.30	2.4219e-05
20.35	2.42224e-05
20.40	2.4221e-05
20.45	2.42242e-05
20.50	2.42228e-05
20.55	2.42262e-05
20.60	2.42247e-05
20.65	2.42279e-05
20.70	2.42265e-05
20.75	2.42299e-05
20.80	2.42284e-05
20.85	2.42317e-05
20.90	2.42303e-05
20.95	2.42336e-05
21.00	2.42322e-05
21.05	2.42354e-05
21.10	2.42339e-05
21.15	2.42372e-05
21.20	2.42358e-05
21.25	2.42389e-05
21.30	2.42374e-05
21.35	2.42406e-05
21.40	2.42391e-05
21.45	2.4242e-05
21.50	2.42404e-05
21.55	2.42433e-05
21.60	2.42415e-05
21.65	2.42441e-05
21.70	2.42421e-05
21.75	2.42445e-05
21.80	2.42423e-05
21.85	2.42444e-05
21.90	2.42419e-05
21.95	2.42437e-05
22.00	2.42406e-05
22.05	2.42412e-05
22.10	2.42369e-05
22.15	2.42363e-05
22.20	2.42133e-05
22.25	2.42068e-05
22.30	2.42037e-05
22.35	2.41943e-05
22.40	2.41886e-05
22.45	2.41769e-05
22.50	2.41697e-05
22.55	2.41575e-05
22.60	2.41502e-05
22.65	2.41379e-05
22.70	2.41304e-05
22.75	2.4118e-05
22.80	2.41106e-05
22.85	2.40982e-05
22.90	2.40905e-05
22.95	2.40781e-05
23.00	2.40707e-05
